/*--------------------------------*- C++ -*----------------------------------*\
  =========                 |
  \\      /  F ield         | OpenFOAM: The Open Source CFD Toolbox
   \\    /   O peration     | Website:  https://openfoam.org
    \\  /    A nd           | Version:  dev
     \\/     M anipulation  |
\*---------------------------------------------------------------------------*/
FoamFile
{
    format      ascii;
    class       labelList;
    location    "constant/fluid/polyMesh";
    object      cellRegionAddressing;
}
// * * * * * * * * * * * * * * * * * * * * * * * * * * * * * * * * * * * * * //


14219
(
719
739
759
779
799
819
839
859
879
899
2750
2752
2770
2771
2772
2790
2791
2792
3230
3232
3250
3252
3270
3271
3272
3290
3291
3292
3312
3710
3712
3730
3732
3750
3751
3752
3770
3771
3772
3790
3791
3792
3808
3809
3812
4190
4192
4210
4212
4230
4232
4250
4251
4252
4270
4271
4272
4290
4291
4292
4308
4309
4312
4330
4565
4566
4585
4586
4607
4670
4690
4692
4710
4712
4730
4732
4750
4751
4752
4770
4771
4772
4790
4791
4792
4808
4809
4810
4811
4812
4824
4825
4826
4827
4830
4833
4843
4844
4845
4863
4864
5065
5066
5085
5086
5087
5088
5089
5107
5108
5109
5110
5129
5131
5150
5151
5170
5190
5192
5196
5197
5210
5212
5213
5214
5215
5216
5217
5218
5230
5231
5232
5233
5234
5235
5236
5237
5238
5250
5251
5252
5253
5254
5255
5256
5257
5258
5270
5271
5272
5276
5277
5290
5291
5292
5308
5309
5310
5311
5312
5324
5325
5326
5327
5328
5330
5331
5332
5333
5343
5344
5345
5346
5348
5350
5352
5353
5363
5364
5365
5366
5368
5369
5373
5374
5386
5387
5388
5389
5390
5391
5392
5393
5394
5519
5565
5566
5585
5586
5587
5588
5589
5607
5608
5609
5610
5629
5630
5631
5650
5651
5670
5671
5690
5691
5692
5696
5697
5710
5711
5712
5713
5714
5715
5716
5717
5718
5730
5731
5732
5733
5734
5735
5736
5737
5738
5739
5750
5751
5752
5753
5754
5755
5756
5757
5758
5770
5771
5772
5776
5777
5790
5791
5792
5808
5809
5810
5811
5812
5825
5826
5827
5828
5829
5830
5831
5832
5833
5845
5846
5847
5848
5849
5850
5851
5852
5853
5865
5866
5867
5868
5869
5870
5871
5872
5873
5874
5886
5887
5888
5889
5890
5891
5892
5893
5894
6019
6065
6066
6085
6086
6087
6088
6089
6107
6108
6109
6110
6129
6130
6131
6150
6151
6170
6190
6196
6197
6210
6213
6214
6215
6216
6217
6218
6233
6234
6235
6236
6237
6238
6253
6254
6255
6256
6257
6258
6276
6277
6389
6547
6565
6566
6567
6585
6586
6587
6588
6589
6607
6608
6609
6610
6629
6630
6631
6650
6656
6657
6658
6659
6677
6678
6696
6697
6698
6714
6715
6716
6717
6718
6734
6735
6736
6737
6738
6754
6755
6756
6757
6758
6889
7027
7028
7047
7048
7065
7066
7067
7068
7085
7086
7087
7088
7089
7107
7108
7109
7110
7129
7215
7216
7217
7218
7235
7236
7237
7238
7255
7256
7257
7258
7389
7527
7547
7565
7566
7567
7585
7586
7587
7588
7589
7607
7608
7609
7715
7716
7717
7718
7735
7736
7737
7738
7755
7756
7757
7758
7889
8065
8066
8067
8085
8086
8087
8088
8089
8107
8108
8109
8215
8216
8217
8218
8235
8236
8237
8238
8255
8256
8257
8258
8389
8565
8566
8585
8586
8587
8588
8589
8608
8609
8889
9082
9582
10082
10582
12750
12751
12752
12753
12754
12875
12876
12877
12878
12879
12880
12881
12882
12883
12884
12886
12887
12888
12891
12892
12893
12896
12897
12898
12901
12902
12903
12906
12907
12908
12911
12912
12913
12916
12917
12918
13000
13001
13002
13003
13004
13005
13006
13007
13008
13009
13011
13012
13013
13014
13016
13017
13018
13019
13021
13022
13023
13024
13026
13027
13028
13029
13031
13032
13033
13034
13036
13037
13038
13039
13041
13042
13043
13044
13125
13126
13127
13128
13129
13156
13157
13158
13160
13161
13162
13163
13164
13250
13251
13252
13253
13254
15188
15189
15190
15208
15209
15210
15228
15229
15688
15689
15690
15708
15709
15710
15728
15729
15748
15749
16167
16169
16171
16188
16189
16190
16208
16209
16210
16228
16229
16248
16249
16268
16269
16667
16669
16671
16672
16688
16689
16690
16708
16709
16710
16728
16729
16748
16749
16768
16769
16788
16789
17115
17135
17136
17137
17155
17156
17167
17169
17171
17172
17188
17189
17190
17208
17209
17210
17228
17229
17248
17249
17268
17269
17288
17289
17308
17309
17328
17393
17394
17395
17412
17413
17414
17415
17500
17585
17586
17587
17590
17591
17592
17605
17606
17607
17610
17611
17612
17614
17615
17626
17628
17630
17633
17634
17635
17636
17637
17647
17648
17649
17650
17653
17654
17655
17656
17667
17668
17669
17670
17671
17672
17688
17689
17690
17708
17709
17710
17722
17723
17724
17725
17728
17729
17741
17742
17743
17744
17745
17746
17747
17748
17749
17761
17762
17763
17764
17765
17766
17767
17768
17769
17782
17783
17784
17788
17789
17808
17809
17828
17850
17869
17870
17871
17890
17891
17892
17893
17894
17895
17912
17913
17914
17915
18000
18085
18086
18087
18090
18091
18092
18105
18106
18107
18108
18109
18110
18111
18112
18113
18114
18115
18126
18127
18128
18129
18130
18131
18132
18133
18134
18147
18148
18149
18150
18151
18152
18153
18154
18155
18167
18168
18169
18170
18171
18172
18188
18189
18190
18208
18209
18210
18222
18223
18224
18225
18228
18229
18241
18242
18243
18244
18245
18246
18247
18248
18249
18261
18262
18263
18264
18265
18266
18267
18268
18269
18282
18283
18284
18288
18289
18308
18309
18328
18329
18349
18350
18369
18370
18371
18390
18391
18392
18393
18394
18395
18412
18413
18414
18415
18500
18520
18591
18722
18723
18724
18725
18741
18742
18743
18744
18745
18746
18761
18762
18763
18764
18765
18766
18782
18783
18784
18789
18808
18809
18828
18829
18849
18850
18869
18870
18871
18890
18891
18892
18893
18894
18895
18912
18913
18914
18915
19000
19091
19140
19141
19142
19143
19161
19162
19163
19181
19182
19183
19202
19203
19222
19223
19224
19225
19241
19242
19243
19244
19245
19261
19262
19263
19264
19265
19282
19283
19284
19350
19369
19370
19371
19390
19391
19392
19393
19394
19395
19412
19413
19414
19415
19500
19722
19723
19724
19741
19742
19743
19744
19745
19761
19762
19763
19764
19765
19782
19783
19784
19850
19871
19890
19891
19892
19893
19894
19895
19911
19912
19913
19914
19915
19931
19932
19933
19952
20222
20223
20224
20241
20242
20243
20244
20245
20261
20262
20263
20264
20265
20282
20283
20284
20371
20391
20392
20393
20394
20395
20412
20413
20414
20415
20432
20452
20722
20723
20724
20741
20742
20743
20744
20761
20762
20763
20764
20782
20783
20784
20891
20892
20893
20894
20895
20912
20913
20914
20915
21391
21392
21393
21394
21395
21413
21414
21415
21917
25100
25120
25140
25160
25180
25200
25220
25240
25260
25280
25300
25320
25340
25360
25361
25380
25381
25400
25420
25440
25460
25480
25500
25520
25540
25560
25580
26625
26626
26627
26628
26629
26630
26631
26632
26633
26634
26635
26636
26637
26638
26639
26640
26641
26642
26643
26644
26645
26646
26647
26648
26649
26650
26651
26652
26653
26654
26655
26656
26657
26658
26659
26660
26661
26662
26663
26664
26665
26666
26667
26668
26669
26670
26671
26672
26673
26674
26675
26676
26677
26678
26679
26680
26681
26682
26683
26684
26685
26686
26687
26688
26689
26690
26691
26692
26693
26694
26695
26696
26697
26698
26699
26700
26701
26702
26703
26704
26705
26706
26707
26708
26709
26710
26711
26712
26713
26714
26715
26716
26717
26718
26719
26720
26721
26722
26723
26724
26725
26726
26727
26728
26729
26730
26731
26732
26733
26734
26735
26736
26737
26738
26739
26740
26741
26742
26743
26744
26745
26746
26747
26748
26749
26750
26751
26752
26753
26754
26755
26756
26757
26758
26759
26760
26761
26762
26763
26764
26765
26766
26767
26768
26769
26770
26771
26772
26773
26774
26775
26776
26777
26778
26779
26780
26781
26782
26783
26784
26785
26786
26787
26788
26789
26790
26791
26792
26793
26794
26795
26796
26797
26798
26799
26800
26801
26802
26803
26804
26805
26806
26807
26808
26809
26810
26811
26812
26813
26814
26815
26816
26817
26818
26819
26820
26821
26822
26823
26824
26825
26826
26827
26828
26829
26830
26831
26832
26833
26834
26835
26836
26837
26838
26839
26840
26841
26842
26843
26844
26845
26846
26847
26848
26849
26850
26851
26852
26853
26854
26855
26856
26857
26858
26859
26860
26861
26862
26863
26864
26865
26866
26867
26868
26869
26870
26871
26872
26873
26874
26875
26876
26877
26878
26879
26880
26881
26882
26883
26884
26885
26886
26887
26888
26889
26890
26891
26892
26893
26894
26895
26896
26897
26898
26899
26900
26901
26902
26903
26904
26905
26906
26907
26908
26909
26910
26911
26912
26913
26914
26915
26916
26917
26918
26919
26920
26921
26922
26923
26924
26925
26926
26927
26928
26929
26930
26931
26932
26933
26934
26935
26936
26937
26938
26939
26940
26941
26942
26943
26944
26945
26946
26947
26948
26949
26950
26951
26952
26953
26954
26955
26956
26957
26958
26959
26960
26961
26962
26963
26964
26965
26966
26967
26968
26969
26970
26971
26972
26973
26974
26975
26976
26977
26978
26979
26980
26981
26982
26983
26984
26985
26986
26987
26988
26989
26990
26991
26992
26993
26994
26995
26996
26997
26998
26999
27004
27006
27011
27013
27018
27020
27025
27027
27032
27034
27042
27044
27046
27048
27056
27058
27060
27062
27070
27072
27074
27076
27084
27086
27088
27090
27098
27100
27102
27104
27123
27125
27130
27132
27133
27134
27135
27136
27137
27138
27139
27144
27146
27147
27148
27149
27150
27151
27152
27153
27156
27158
27160
27161
27162
27163
27164
27165
27166
27167
27168
27170
27172
27174
27175
27176
27177
27178
27179
27180
27181
27182
27184
27186
27188
27189
27190
27191
27192
27193
27194
27195
27196
27198
27200
27202
27203
27205
27207
27209
27210
27212
27214
27216
27217
27219
27221
27223
27224
27226
27228
27230
27231
27233
27235
27237
27238
27240
27242
27244
27245
27247
27249
27251
27252
27254
27256
27258
27259
27261
27263
27265
27495
27496
27503
27505
27507
27509
27518
27519
27520
27521
27522
27523
27524
27525
27526
27527
27529
27530
27531
27533
27535
27537
27541
27545
27547
27549
27551
27560
27564
27565
27566
27567
27569
27570
27571
27573
27574
27575
27576
27577
27578
27579
27580
27582
27584
27586
27606
27635
27636
27641
27643
27645
27647
27649
27651
27652
27653
27654
27655
27656
27657
27658
27660
27662
27664
27666
27668
27670
27672
27673
27674
27675
27676
27677
27678
27679
27680
27681
27683
27684
27685
27687
27689
27691
27700
27701
27702
27704
27705
27706
27707
27709
27710
27711
27713
27714
27715
27716
27717
27718
27719
27720
27722
27724
27726
27732
27738
27742
27746
27748
27759
27782
27783
27786
27788
27790
27792
27794
27796
27798
27799
27800
27801
27802
27803
27804
27805
27807
27809
27811
27813
27815
27817
27819
27820
27821
27822
27823
27824
27825
27826
27827
27828
27829
27830
27831
27832
27833
27834
27835
27836
27837
27838
27839
27841
27843
27845
27854
27855
27856
27858
27859
27860
27861
27863
27864
27865
27867
27868
27869
27870
27871
27872
27873
27874
27876
27878
27880
27889
27892
27893
27894
27896
27897
27898
27900
27901
27902
27911
27913
27915
27916
27971
27972
27975
27977
27979
27981
27985
27987
27988
27989
27990
27991
27992
27993
27994
27996
27998
28000
28002
28004
28006
28008
28009
28010
28011
28012
28013
28014
28015
28017
28019
28021
28022
28023
28024
28025
28026
28027
28028
28029
28030
28031
28032
28033
28034
28035
28037
28039
28041
28044
28046
28048
28057
28058
28059
28061
28062
28063
28064
28066
28067
28068
28069
28070
28071
28072
28073
28074
28075
28076
28077
28079
28081
28083
28094
28097
28098
28099
28100
28102
28103
28104
28106
28107
28108
28110
28111
28112
28121
28122
28123
28125
28126
28139
28140
28146
28147
28165
28186
28188
28194
28196
28200
28201
28202
28203
28221
28222
28228
28229
28248
28252
28253
28254
28255
28256
28257
28258
28259
28260
28261
28262
28263
28264
28265
28266
28268
28269
28272
28273
28275
28279
28288
28290
28292
28294
28295
28296
28297
28298
28299
28300
28301
28302
28303
28304
28305
28306
28307
28308
28312
28314
28319
28320
28326
28328
28329
28355
28358
28361
28362
28368
28370
28371
28403
28406
28419
28425
28429
28431
28433
28437
28438
28439
28441
28457
28458
28459
28461
28462
28463
28465
28467
28469
28471
28475
28496
28497
28502
28503
28504
28508
28510
28511
28517
28519
28520
28521
28522
28523
28524
28525
28526
28528
28530
28532
28543
28544
28545
28546
28550
28551
28552
28553
28561
28562
28563
28564
28565
28566
28567
28568
28569
28570
28571
28572
28573
28574
28578
28579
28580
28581
28585
28586
28587
28588
28606
28607
28613
28614
28615
28616
28620
28621
28622
28623
28627
28628
28629
28639
28641
28643
28666
28667
28668
28670
28671
28672
28674
28676
28678
28695
28696
28699
28700
28701
28702
28704
28705
28706
28711
28712
28715
28716
28717
28718
28719
28720
28721
28722
28725
28726
28727
28728
28730
28731
28732
28734
28735
28736
28737
28738
28739
28740
28741
28742
28743
28744
28746
28747
28748
28749
28750
28753
28754
28760
28777
28779
28781
28783
28792
28796
28802
28804
28807
28809
28810
28811
28812
28841
28843
28844
28845
28847
28849
28851
28853
28854
28873
28874
28875
28879
28881
28882
28901
28902
28903
28907
28909
28910
28936
28938
28942
28943
28944
28945
28949
28950
28951
28952
28964
28970
28971
28972
28973
28977
28978
28979
28980
29023
29025
29039
29043
29044
29045
29046
29047
29048
29049
29050
29052
29053
29056
29057
29059
29063
29065
29067
29069
29071
29072
29073
29074
29075
29076
29077
29078
29080
29081
29082
29084
29085
29100
29101
29102
29103
29104
29105
29106
29107
29108
29109
29110
29111
29112
29113
29115
29116
29117
29119
29120
29128
29130
29131
29132
29134
29135
29138
29139
29140
29141
29143
29145
29147
29150
29152
29153
29154
29155
29156
29158
29159
29160
29161
29162
29170
29171
29172
29173
29174
29175
29176
29177
29179
29180
29181
29182
29183
29184
29185
29186
29187
29188
29189
29190
29191
29193
29194
29195
29196
29197
29207
29211
29213
29214
29217
29218
29219
29220
29221
29222
29223
29224
29225
29227
29228
29229
29231
29232
29234
29238
29240
29241
29242
29243
29244
29245
29246
29247
29248
29249
29250
29251
29252
29253
29254
29255
29256
29257
29258
29259
29260
29261
29262
29263
29264
29265
29266
29267
29268
29269
29270
29271
29272
29273
29274
29282
29283
29284
29285
29286
29287
29288
29297
29299
29301
29303
29306
29307
29310
29313
29314
29317
29318
29319
29320
29321
29322
29323
29324
29325
29327
29328
29329
29345
29348
29349
29355
29366
29367
29368
29370
29371
29372
29373
29374
29375
29376
29377
29378
29379
29380
29381
29382
29383
29384
29385
29386
29395
29396
29401
29402
29403
29405
29407
29408
29409
29410
29411
29412
29413
29414
29418
29419
29420
29421
29423
29425
29426
29427
29428
29429
29431
29432
29433
29434
29435
29436
29437
29439
29440
29441
29442
29443
29446
29447
29448
29449
29450
29452
29453
29454
29455
29456
29458
29460
29462
29464
29466
29471
29472
29473
29478
29479
29480
29482
29484
29485
29486
29487
29488
29489
29490
29491
29495
29496
29497
29498
29500
29502
29503
29504
29505
29506
29508
29509
29510
29511
29512
29516
29517
29518
29519
29521
29522
29523
29524
29525
29526
29530
29531
29532
29533
29534
29536
29537
29538
29539
29540
29542
29546
29555
29562
29564
29565
29566
29568
29569
29570
29572
29573
29574
29575
29578
29579
29580
29581
29582
29583
29584
29585
29586
29587
29588
29589
29590
29591
29592
29593
29594
29595
29596
29597
29598
29600
29601
29602
29603
29607
29608
29609
29610
29613
29614
29615
29616
29617
29618
29619
29620
29621
29622
29623
29624
29626
29627
29628
29630
29631
29639
29642
29643
29646
29648
29649
29650
29652
29653
29654
29655
29656
29657
29658
29659
29660
29663
29664
29667
29670
29671
29674
29676
29677
29678
29680
29695
29696
29697
29698
29699
29700
29701
29711
29715
29716
29717
29718
29719
29720
29721
29722
29724
29725
29728
29729
29731
29735
29737
29739
29741
29743
29745
29746
29747
29749
29750
29759
29761
29763
29772
29773
29774
29775
29776
29777
29778
29779
29780
29781
29782
29783
29784
29785
29786
29787
29788
29789
29790
29792
29794
29796
29798
29802
29806
29808
29809
29811
29812
29813
29814
29815
29816
29817
29818
29819
29820
29821
29822
29823
29824
29825
29826
29827
29829
29833
29835
29836
29837
29838
29839
29840
29841
29842
29843
29844
29846
29848
29849
29850
29851
29852
29854
29856
29857
29858
29859
29860
29861
29862
29863
29864
29865
29866
29867
29868
29869
29877
29878
29879
29880
29881
29882
29883
29884
29885
29886
29888
29890
29891
29892
29893
29894
29896
29901
29912
29913
29914
29915
29916
29917
29919
29920
29921
29923
29925
29927
29929
29931
29933
29936
29937
29940
29943
29944
29947
29948
29950
29951
29952
29963
29968
29969
29970
29971
29973
29975
29976
29977
29979
29981
29983
29985
29987
29996
29999
30000
30006
30024
30025
30026
30028
30029
30031
30032
30033
30038
30039
30040
30042
30046
30048
30050
30067
30068
30071
30072
30073
30074
30075
30076
30077
30078
30080
30081
30082
30087
30088
30089
30095
30096
30097
30099
30100
30115
30116
30117
30118
30119
30120
30121
30122
30123
30124
30125
30126
30129
30130
30131
30132
30136
30137
30138
30139
30141
30143
30144
30145
30150
30151
30152
30154
30156
30158
30160
30162
30171
30172
30173
30174
30175
30176
30177
30178
30179
30180
30185
30186
30187
30192
30193
30194
30195
30199
30200
30201
30206
30207
30208
30213
30214
30215
30218
30220
30221
30222
30223
30227
30228
30229
30230
30231
30233
30235
30239
30241
30243
30248
30249
30250
30255
30256
30257
30262
30263
30264
30269
30270
30271
30272
30273
30274
30275
30276
30277
30278
30279
30280
30281
30282
30283
30284
30285
30288
30290
30291
30292
30297
30298
30299
30303
30304
30305
30306
30307
30308
30309
30310
30312
30313
30314
30316
30317
30332
30339
30341
30343
30345
30346
30347
30348
30349
30350
30351
30352
30353
30354
30355
30356
30357
30358
30359
30360
30363
30367
30374
30376
30378
30380
30381
30382
30383
30384
30385
30386
30387
30409
30413
30430
30431
30432
30433
30434
30435
30436
30437
30441
30460
30464
30465
30466
30467
30468
30469
30470
30471
30472
30473
30474
30475
30476
30477
30478
30480
30481
30482
30484
30485
30487
30491
30493
30495
30497
30499
30501
30502
30503
30505
30506
30514
30515
30516
30517
30518
30519
30520
30522
30524
30526
30563
30564
30565
30566
30567
30568
30570
30571
30572
30573
30574
30612
30613
30614
30615
30616
30617
30618
30619
30621
30647
30648
30649
30676
30677
30680
30681
30682
30683
30684
30685
30686
30687
30688
30690
30691
30692
30694
30695
30697
30701
30724
30725
30726
30728
30730
30731
30732
30733
30734
30735
30736
30737
30759
30763
30766
30767
30768
30769
30770
30771
30772
30773
30774
30776
30777
30778
30794
30798
30831
30835
30837
30841
30885
30889
30895
30962
30964
30979
30980
30981
30982
30992
30996
30998
31000
31001
31002
31003
31013
31017
31018
31019
31020
31021
31022
31023
31024
31025
31026
31027
31028
31029
31030
31031
31033
31034
31035
31036
31037
31038
31040
31044
31053
31055
31057
31059
31061
31062
31063
31065
31066
31074
31075
31076
31077
31078
31079
31080
31082
31083
31084
31086
31087
31095
31097
31098
31099
31101
31102
31103
31118
31124
31125
31128
31129
31130
31134
31138
31140
31144
31151
31152
31153
31154
31155
31156
31157
31158
31159
31160
31161
31162
31163
31164
31165
31166
31167
31168
31169
31170
31171
31172
31173
31174
31175
31176
31177
31178
31193
31195
31200
31201
31202
31203
31204
31205
31206
31207
31208
31209
31210
31212
31230
31234
31236
31237
31240
31241
31242
31243
31244
31246
31247
31248
31249
31250
31251
31252
31253
31254
31255
31256
31257
31259
31261
31263
31264
31265
31267
31269
31270
31271
31272
31273
31274
31275
31276
31277
31278
31279
31281
31283
31291
31295
31298
31299
31300
31301
31302
31303
31304
31305
31306
31308
31310
31326
31328
31340
31341
31342
31343
31344
31345
31346
31348
31350
31352
31356
31360
31361
31362
31363
31364
31365
31366
31367
31377
31381
31382
31383
31384
31385
31386
31387
31388
31389
31390
31391
31392
31393
31394
31395
31396
31397
31398
31399
31400
31401
31402
31404
31408
31410
31412
31414
31416
31418
31419
31420
31422
31423
31438
31439
31440
31441
31442
31443
31444
31445
31446
31448
31450
31466
31468
31469
31558
31559
31562
31563
31564
31565
31566
31569
31570
31572
31573
31576
31577
31579
31587
31591
31592
31593
31594
31595
31596
31597
31598
31600
31601
31602
31604
31605
31606
31608
31610
31612
31613
31614
31615
31616
31617
31618
31619
31634
31635
31636
31637
31638
31639
31640
31644
31676
31677
31678
31692
31696
31697
31698
31699
31700
31702
31713
31717
31718
31719
31720
31721
31722
31723
31724
31725
31726
31727
31728
31729
31730
31731
31732
31733
31734
31735
31737
31738
31740
31744
31753
31755
31757
31759
31761
31763
31765
31774
31777
31778
31781
31782
31783
31784
31785
31791
31811
31815
31817
31818
31821
31822
31824
31825
31828
31829
31839
31843
31844
31845
31846
31847
31848
31849
31850
31852
31853
31854
31856
31857
31858
31860
31862
31865
31866
31867
31868
31869
31870
31871
31879
31881
31882
31883
31885
31886
31887
31888
31889
31890
31891
31892
31896
31930
31934
31935
31936
31937
31938
31939
31940
31941
31942
31943
31944
31945
31946
31947
31948
31950
31951
31970
31972
31974
31976
31977
31978
31979
31980
31981
31982
31983
31985
31987
31989
31998
32002
32005
32009
32015
32021
32025
32027
32028
32031
32032
32034
32035
32038
32039
32054
32055
32056
32057
32058
32059
32060
32062
32063
32064
32066
32067
32068
32072
32075
32076
32077
32078
32079
32080
32089
32091
32092
32093
32096
32097
32098
32099
32100
32101
32102
32103
32104
32105
32106
32107
32108
32109
32113
32138
32142
32148
32165
32171
32172
32175
32178
32179
32180
32181
32182
32183
32184
32185
32186
32187
32188
32189
32190
32192
32226
32228
32232
32233
32234
32235
32236
32238
32239
32240
32241
32242
32243
32244
32245
32246
32247
32248
32249
32250
32251
32252
32253
32254
32255
32256
32257
32258
32259
32260
32261
32262
32263
32264
32265
32266
32267
32268
32269
32270
32272
32274
32276
32299
32306
32309
32310
32432
32447
32448
32451
32452
32474
32477
32478
32532
32537
32540
32541
32551
32555
32565
32572
32577
32582
32583
32589
32590
32596
32597
32603
32604
32607
32610
32612
32614
32617
32618
32619
32620
32621
32624
32625
32626
32627
32628
32631
32632
32633
32634
32635
32638
32639
32652
32653
32655
32659
32660
32661
32674
32676
32680
32682
32688
32690
32694
32696
32702
32704
32708
32710
32716
32718
32722
32724
32730
32732
32736
32738
32744
32746
32750
32752
32758
32764
32765
32771
32776
32778
32780
32782
32783
32784
32785
32786
32787
32788
32789
32792
32793
32803
32806
32807
32808
32809
32810
32813
32814
32815
32816
32824
32825
32826
32827
32828
32829
32830
32831
32832
32833
32834
32835
32836
32837
32838
32839
32840
32841
32842
32843
32844
32845
32846
32847
32848
32849
32850
32851
32852
32853
32854
32855
32856
32857
32858
32860
32861
32862
32863
32864
32865
32866
32867
32869
32870
32871
32876
32877
32878
32879
32881
32883
32885
32890
32891
32892
32893
32895
32897
32899
32904
32905
32906
32907
32909
32911
32913
32918
32919
32920
32921
32923
32925
32927
32932
32933
32934
32935
32936
32937
32938
32939
32940
32941
32942
32943
32944
32945
32946
32947
32948
32949
32950
32951
32952
32953
32954
32955
32956
32958
32960
32962
32967
32968
32969
32970
32971
32972
32973
32974
32975
32976
32977
32978
32979
32980
32981
32982
32983
32984
32985
32986
32987
32988
32989
32990
32991
32993
32995
32997
33002
33003
33004
33005
33006
33007
33008
33009
33010
33011
33012
33013
33014
33015
33016
33017
33018
33019
33021
33023
33025
33055
33056
33058
33060
33062
33065
33066
33069
33072
33073
33076
33079
33080
33083
33085
33086
33087
33090
33093
33095
33097
33100
33101
33104
33107
33108
33111
33114
33115
33118
33121
33122
33614
33627
33643
33645
33647
33649
33650
33651
33652
33653
33654
33655
33656
33658
33659
33660
33662
33663
33665
33667
33668
33669
33678
33680
33682
33684
33685
33686
33687
33688
33689
33690
33691
33695
33699
33701
33703
33705
33706
33707
33709
33710
33711
33713
33714
33715
33716
33717
33718
33719
33731
33737
33744
33745
33757
33759
33761
33770
33772
33774
33778
33782
33788
33790
33792
33794
33796
33797
33798
33799
33800
33801
33802
33803
33805
33806
33807
33809
33810
33811
33812
33814
33815
33816
33825
33827
33829
33831
33832
33833
33835
33836
33837
33839
33840
33841
33842
33843
33844
33845
33846
33848
33850
33852
33854
33856
33858
33860
33861
33862
33863
33864
33865
33866
33871
33877
33884
33885
33901
33916
33918
33919
33920
33922
33930
33931
33933
33934
33935
33937
33938
33940
33941
33942
33951
33953
33955
33957
33958
33959
33960
33961
33962
33963
33964
33966
33967
33968
33970
33971
33972
33973
33975
33976
33977
33986
33988
33990
33992
33993
33994
33996
33997
33998
34000
34001
34002
34003
34004
34005
34006
34007
34009
34011
34013
34015
34017
34019
34021
34022
34023
34024
34025
34026
34027
34032
34038
34045
34046
34075
34076
34082
34083
34101
34102
34103
34104
34108
34110
34114
34116
34118
34138
34139
34157
34158
34164
34165
34175
34177
34178
34179
34181
34187
34188
34189
34190
34192
34193
34194
34198
34202
34203
34204
34206
34207
34208
34213
34224
34226
34228
34230
34231
34232
34233
34234
34235
34236
34237
34238
34239
34240
34241
34242
34243
34244
34245
34246
34248
34249
34250
34259
34261
34263
34265
34266
34268
34270
34272
34273
34274
34275
34276
34277
34278
34279
34280
34281
34282
34283
34284
34285
34286
34288
34290
34292
34294
34295
34296
34297
34298
34299
34300
34301
34303
34305
34307
34309
34311
34313
34315
34316
34317
34318
34319
34320
34321
34326
34332
34339
34340
34363
34369
34384
34390
34409
34410
34411
34412
34416
34417
34418
34419
34423
34425
34437
34438
34439
34440
34444
34445
34446
34447
34451
34467
34486
34487
34489
34493
34494
34495
34514
34515
34521
34522
34539
34542
34543
34544
34545
34546
34547
34548
34549
34550
34551
34552
34573
34581
34583
34584
34585
34586
34587
34590
34592
34594
34596
34600
34609
34611
34613
34614
34615
34631
34632
34635
34636
34638
34639
34642
34643
34644
34645
34646
34647
34648
34649
34650
34651
34654
34655
34658
34660
34661
34662
34664
34666
34667
34668
34669
34670
34671
34672
34673
34674
34675
34676
34677
34678
34681
34684
34685
34686
34687
34689
34690
34691
34696
34707
34709
34711
34713
34714
34715
34717
34718
34719
34734
34740
34741
34749
34751
34753
34755
34767
34768
34769
34773
34774
34775
34776
34780
34781
34782
34783
34789
34790
34808
34809
34810
34811
34815
34816
34817
34818
34819
34820
34822
34823
34824
34825
34826
34827
34828
34829
34830
34831
34832
34843
34844
34846
34850
34851
34852
34853
34862
34864
34866
34868
34869
34870
34871
34872
34873
34874
34885
34886
34892
34893
34899
34910
34914
34918
34920
34922
34924
34926
34927
34928
34930
34948
34950
34951
34952
34956
34958
34964
34983
34986
34992
35013
35018
35019
35021
35023
35024
35027
35028
35030
35031
35034
35035
35037
35041
35060
35061
35063
35069
35070
35075
35076
35077
35078
35079
35080
35081
35082
35083
35084
35086
35088
35090
35096
35099
35102
35103
35106
35108
35109
35110
35112
35113
35114
35115
35116
35117
35118
35119
35123
35128
35156
35160
35170
35171
35172
35174
35175
35177
35178
35181
35182
35183
35184
35185
35187
35188
35189
35190
35191
35192
35193
35194
35195
35196
35198
35199
35202
35203
35205
35209
35211
35213
35214
35215
35217
35218
35219
35220
35221
35222
35223
35224
35228
35229
35230
35231
35235
35236
35237
35238
35239
35240
35242
35243
35244
35245
35246
35247
35248
35249
35250
35251
35252
35253
35254
35255
35256
35257
35258
35259
35263
35264
35265
35266
35267
35268
35269
35270
35271
35272
35273
35274
35275
35276
35277
35278
35279
35280
35282
35283
35299
35303
35304
35305
35306
35307
35308
35311
35312
35313
35314
35315
35316
35319
35320
35321
35322
35325
35326
35327
35328
35329
35331
35333
35334
35335
35336
35337
35339
35340
35341
35342
35343
35347
35348
35349
35350
35351
35352
35353
35354
35355
35356
35357
35358
35359
35360
35361
35363
35365
35366
35367
35373
35379
35381
35383
35385
35387
35388
35389
35390
35391
35392
35393
35394
35395
35396
35397
35398
35399
35400
35401
35402
35403
35404
35405
35406
35408
35409
35410
35411
35412
35413
35414
35416
35417
35418
35419
35420
35422
35423
35424
35425
35426
35427
35428
35429
35430
35431
35432
35433
35434
35435
35438
35439
35442
35456
35457
35458
35459
35460
35461
35462
35463
35464
35466
35467
35468
35470
35471
35473
35474
35475
35485
35486
35489
35490
35492
35493
35496
35497
35512
35513
35514
35516
35517
35518
35519
35520
35521
35522
35523
35524
35525
35527
35528
35529
35531
35532
35534
35535
35538
35539
35540
35541
35542
35544
35545
35546
35554
35555
35556
35557
35558
35559
35560
35568
35569
35570
35571
35572
35573
35574
35575
35576
35577
35578
35579
35580
35581
35582
35584
35585
35586
35588
35589
35590
35592
35593
35594
35595
35596
35597
35598
35599
35600
35601
35602
35603
35607
35610
35613
35614
35617
35618
35620
35621
35622
35624
35627
35628
35639
35641
35642
35643
35644
35645
35646
35647
35648
35649
35650
35651
35653
35655
35656
35657
35658
35659
35661
35662
35663
35664
35665
35674
35675
35676
35677
35678
35679
35680
35682
35683
35684
35685
35686
35687
35689
35691
35693
35695
35697
35698
35699
35700
35701
35702
35703
35704
35705
35706
35707
35709
35713
35722
35724
35725
35726
35728
35729
35730
35731
35732
35733
35734
35735
35736
35737
35738
35739
35740
35741
35742
35744
35745
35748
35749
35751
35755
35764
35766
35767
35768
35770
35771
35772
35773
35774
35775
35776
35777
35779
35781
35783
35785
35789
35792
35795
35796
35799
35800
35801
35802
35803
35804
35805
35809
35813
35814
35815
35816
35817
35818
35819
35836
35840
35842
35843
35846
35847
35857
35861
35863
35867
35883
35884
35885
35886
35887
35888
35889
35891
35892
35893
35895
35898
35899
35904
35905
35906
35908
35910
35911
35912
35913
35914
35916
35919
35920
35926
35946
35948
35949
35950
35952
35953
35954
35955
35956
35957
35958
35959
35960
35961
35962
35967
35968
35969
35974
35975
35976
35981
35982
35983
35984
35985
35987
35988
35989
35990
35991
35992
35993
35995
35996
35997
36002
36003
36004
36009
36010
36011
36014
36017
36023
36027
36030
36031
36032
36033
36034
36035
36036
36037
36038
36039
36043
36044
36045
36046
36047
36051
36052
36053
36058
36059
36060
36065
36066
36067
36069
36071
36072
36073
36074
36079
36080
36081
36086
36087
36088
36089
36090
36091
36092
36100
36102
36104
36107
36108
36109
36110
36112
36114
36115
36116
36121
36122
36123
36125
36127
36128
36129
36130
36133
36134
36135
36136
36137
36139
36140
36141
36142
36143
36144
36145
36146
36147
36148
36163
36165
36166
36167
36169
36170
36171
36172
36177
36178
36179
36183
36184
36185
36188
36189
36194
36205
36207
36209
36211
36212
36213
36214
36217
36219
36220
36221
36226
36227
36229
36230
36231
36248
36249
36252
36253
36255
36256
36259
36260
36266
36268
36270
36272
36274
36275
36276
36277
36278
36280
36282
36283
36284
36286
36288
36303
36304
36305
36307
36308
36309
36311
36312
36313
36315
36316
36318
36319
36322
36323
36324
36325
36326
36328
36330
36331
36332
36333
36334
36336
36338
36339
36340
36342
36343
36344
36356
36358
36359
36360
36361
36363
36365
36366
36367
36368
36369
36371
36373
36374
36375
36376
36377
36378
36379
36387
36388
36389
36390
36391
36392
36393
36394
36395
36396
36397
36398
36399
36400
36401
36403
36405
36407
36408
36409
36410
36411
36413
36415
36416
36417
36418
36419
36420
36421
36422
36426
36429
36431
36432
36433
36435
36436
36437
36438
36439
36440
36441
36442
36443
36446
36447
36457
36459
36461
36463
36464
36465
36466
36467
36468
36469
36470
36471
36472
36473
36474
36475
36476
36477
36478
36479
36480
36481
36482
36483
36484
36492
36494
36496
36498
36500
36504
36507
36508
36511
36512
36514
36518
36520
36522
36523
36524
36526
36528
36530
36532
36534
36538
36541
36544
36545
36548
36549
36550
36551
36552
36553
36554
36558
36562
36563
36564
36565
36566
36567
36568
36577
36653
36655
36657
36659
36661
36663
36665
36822
36823
36827
36829
36830
36833
36834
36849
36850
36851
36853
36854
36855
36856
36857
36858
36859
36860
36861
36862
36864
36865
36868
36891
36892
36893
36894
36896
36913
36914
36919
36923
36926
36929
36930
36933
36934
36936
36937
36940
36943
36944
36961
36962
36963
36976
36977
36982
36983
36984
36985
36986
36988
37003
37004
37005
37008
37009
37010
37011
37012
37014
37015
37016
37017
37019
37021
37023
37024
37025
37026
37027
37028
37029
37030
37032
37036
37039
37040
37043
37044
37046
37050
37052
37054
37055
37056
37058
37060
37062
37064
37066
37070
37073
37076
37077
37080
37082
37083
37084
37085
37086
37087
37088
37089
37090
37091
37092
37093
37097
37116
37123
37124
37127
37128
37136
37137
37138
37139
37140
37141
37142
37143
37144
37145
37146
37147
37148
37149
37150
37151
37152
37153
37154
37155
37156
37157
37158
37159
37160
37161
37162
37163
37178
37179
37180
37182
37184
37185
37186
37187
37188
37189
37190
37191
37193
37199
37201
37203
37205
37207
37211
37213
37215
37220
37221
37222
37223
37224
37225
37226
37227
37228
37229
37230
37232
37233
37241
37242
37243
37245
37246
37247
37248
37249
37250
37251
37252
37253
37254
37256
37257
37258
37260
37269
37270
37271
37272
37274
37283
37285
37286
37287
37289
37290
37291
37292
37293
37295
37304
37307
37308
37311
37314
37315
37318
37321
37322
37353
37355
37359
37361
37365
37369
37374
37375
37376
37381
37382
37383
37384
37385
37386
37387
37389
37393
37402
37404
37405
37406
37408
37409
37410
37411
37412
37413
37414
37415
37417
37418
37421
37422
37424
37428
37429
37430
37432
37433
37434
37436
37437
37438
37439
37440
37441
37442
37443
37445
37447
37449
37451
37455
37458
37460
37461
37462
37463
37464
37465
37466
37467
37468
37469
37470
37471
37472
37473
37474
37475
37476
37477
37478
37482
37493
37496
37497
37498
37499
37517
37518
37529
37600
37606
37610
37619
37620
37621
37623
37625
37626
37627
37628
37629
37630
37631
37632
37633
37634
37635
37636
37637
37638
37639
37654
37655
37656
37657
37658
37659
37660
37662
37664
37666
37668
37670
37671
37672
37674
37675
37676
37677
37678
37679
37680
37681
37685
37696
37699
37700
37703
37706
37707
37710
37713
37714
37745
37747
37751
37753
37757
37761
37766
37767
37768
37772
37774
37775
37778
37779
37781
37782
37785
37786
37794
37796
37797
37798
37800
37802
37804
37806
37808
37812
37815
37816
37817
37818
37819
37820
37821
37822
37823
37824
37825
37826
37827
37828
37829
37830
37831
37832
37833
37834
37835
37839
37850
37851
37852
37853
37854
37855
37856
37860
37864
37868
37871
37874
37875
37908
37912
37914
37915
37916
37918
37919
37927
37928
37929
37930
37931
37932
37933
37935
37937
37939
37941
37943
37944
37945
37947
37948
37949
37950
37951
37952
37953
37954
37969
37972
37973
37976
37979
37980
37986
38006
38010
38011
38012
38013
38016
38017
38019
38020
38023
38024
38026
38027
38030
38031
38032
38034
38036
38038
38040
38042
38044
38053
38057
38060
38061
38062
38063
38064
38066
38067
38068
38069
38070
38071
38072
38073
38074
38075
38076
38077
38078
38079
38080
38084
38095
38096
38097
38099
38116
38132
38136
38138
38142
38181
38185
38186
38187
38188
38189
38190
38191
38192
38194
38195
38196
38198
38199
38207
38208
38209
38210
38211
38212
38213
38215
38219
38221
38223
38225
38227
38228
38229
38230
38231
38232
38233
38234
38249
38253
38256
38259
38260
38272
38276
38278
38279
38282
38283
38285
38286
38289
38290
38292
38293
38296
38297
38298
38300
38302
38304
38305
38306
38307
38308
38309
38310
38311
38312
38313
38314
38315
38316
38317
38318
38320
38322
38324
38340
38347
38348
38349
38350
38351
38353
38354
38355
38356
38357
38358
38359
38360
38364
38384
38390
38524
38530
38531
38534
38535
38537
38538
38541
38544
38545
38551
38564
38566
38568
38571
38572
38573
38574
38575
38576
38577
38578
38579
38580
38581
38582
38583
38585
38586
38587
38588
38589
38590
38591
38592
38593
38594
38595
38596
38597
38598
38600
38602
38603
38604
38605
38609
38610
38611
38612
38616
38618
38648
38650
38652
38654
38655
38656
38657
38658
38659
38660
38661
38665
38666
38672
38673
38679
38740
38741
38744
38745
38767
38770
38775
38776
38779
38780
38789
38790
38793
38794
38803
38819
38821
38826
38828
38833
38835
38840
38842
38844
38849
38852
38854
38856
38866
38868
38870
38880
38882
38884
38894
38896
38898
38907
38910
38912
38936
38940
38942
38943
38944
38945
38946
38947
38948
38952
38954
38956
38957
38958
38959
38960
38961
38962
38966
38968
38970
38971
38972
38973
38974
38975
38976
38978
38980
38982
38984
38985
38986
38987
38988
38989
38990
38992
38994
38996
38998
38999
39000
39001
39002
39003
39004
39006
39008
39010
39013
39015
39017
39020
39022
39024
39027
39029
39031
39034
39036
39038
39040
39043
39045
39048
39050
39052
39055
39057
39059
39062
39064
39066
39069
39071
39073
39075
39078
39080
39320
39321
39322
39323
39324
39325
39326
39327
39328
39329
39330
39331
39332
39333
39334
39335
39336
39337
39338
39339
39340
39341
39342
39343
39344
39345
39346
39347
39348
39349
39350
39351
39352
39353
39354
39355
39356
39357
39358
39359
39360
39361
39362
39363
39364
39365
39366
39367
39368
39369
39370
39371
39372
39373
39374
39375
39376
39377
39378
39379
39380
39381
39382
39383
39384
39385
39386
39387
39388
39389
39390
39391
39392
39393
39394
39395
39396
39398
39399
39400
39401
39402
39403
39404
39405
39406
39407
39408
39409
39410
39411
39412
39413
39414
39415
39416
39417
39418
39419
39420
39421
39422
39423
39424
39426
39427
39428
39429
39430
39431
39432
39433
39434
39435
39436
39437
39438
39439
39440
39441
39442
39443
39444
39445
39446
39447
39448
39449
39450
39451
39452
39453
39454
39455
39456
39457
39458
39459
39460
39461
39462
39463
39464
39465
39466
39467
39468
39469
39470
39471
39472
39473
39474
39475
39476
39477
39478
39479
39480
39481
39482
39483
39484
39485
39486
39487
39488
39489
39490
39491
39492
39493
39494
39495
39496
39497
39498
39499
39500
39501
39502
39503
39504
39505
39506
39507
39508
39509
39510
39511
39512
39513
39514
39515
39516
39517
39518
39519
39520
39521
39522
39523
39524
39525
39526
39527
39528
39529
39530
39531
39532
39533
39534
39535
39536
39537
39538
39539
39540
39541
39542
39543
39544
39545
39546
39547
39548
39549
39550
39551
39552
39553
39554
39555
39556
39557
39558
39559
39560
39561
39562
39563
39564
39565
39566
39567
39568
39569
39570
39571
39572
39573
39574
39575
39576
39577
39578
39579
39580
39581
39582
39583
39584
39585
39586
39587
39588
39589
39590
39591
39592
39593
39594
39595
39596
39597
39598
39599
40692
40693
40694
40695
40696
40697
40698
40706
40707
40708
40709
40710
40711
40712
40713
40714
40715
40716
40717
40718
40719
40720
40721
40722
40723
40724
40725
40726
40727
40728
40729
40730
40731
40732
40733
42708
42709
42710
42711
42712
42713
42714
42715
42716
42717
42718
42719
42720
42721
42891
42893
42895
42899
42903
42904
42905
42906
42907
42908
42909
42910
43079
43081
43083
43085
43087
43089
43091
43101
43103
43105
43109
43113
43114
43115
43116
43117
43118
43119
43120
43124
43366
43367
43368
43369
43370
43371
43372
43373
43375
43377
43379
43381
43383
43385
43395
43397
43399
43410
43414
43415
43416
43417
43418
43419
43420
43421
43425
43440
43453
43454
43455
43456
43639
43640
43641
43642
43643
43644
43645
43646
43648
43650
43652
43654
43656
43658
43668
43670
43672
43677
43678
43679
43680
43684
43685
43686
43687
43691
43692
43693
43694
43703
43705
43707
43719
43720
43721
43722
43726
43727
43728
43729
43733
43734
43735
43736
43744
43745
43746
43747
43748
43749
43750
43751
43752
43753
43754
43755
43756
43757
43759
43761
43763
43768
43769
43770
43771
43774
43778
43779
43780
43781
43782
43783
43784
43785
43829
43830
43833
43834
43835
43837
43839
43841
43842
43843
43844
43845
43846
43847
43848
43877
43880
43881
44059
44060
44061
44062
44063
44064
44065
44073
44074
44075
44076
44077
44078
44079
44080
44081
44082
44083
44084
44085
44086
44087
44088
44089
44090
44091
44092
44093
44101
44105
44108
44111
44112
44122
44126
44137
44141
44165
44167
44169
44178
44179
44180
44181
44182
44183
44184
44185
44186
44187
44188
44189
44190
44191
44192
44193
44194
44195
44196
44197
44198
44199
44200
44201
44202
44203
44204
44205
44213
44214
44215
44216
44217
44218
44219
44220
44221
44222
44223
44224
44225
44226
44227
44228
44229
44230
44231
44232
44233
44234
44235
44236
44237
44238
44239
44240
44241
44242
44243
44244
44245
44246
44247
44248
44249
44250
44251
44252
44253
44254
44262
44263
44264
44265
44266
44267
44268
44269
44270
44271
44272
44273
44274
44275
44276
44277
44278
44279
44280
44281
44282
44285
44289
44290
44291
44292
44293
44294
44295
44296
44297
44298
44299
44300
44301
44302
44303
44305
44307
44309
44318
44319
44320
44321
44322
44323
44324
44326
44328
44330
44354
44355
44358
44359
44360
44361
44362
44363
44364
44365
44366
44368
44369
44370
44372
44373
44381
44382
44383
44384
44385
44386
44387
44388
44389
44390
44391
44392
44393
44394
44409
44410
44411
44412
44413
44414
44415
44416
44417
44418
44419
44420
44421
44422
44423
44424
44425
44426
44427
44428
44429
44458
44462
44626
44627
44628
44629
44630
44631
44632
44640
44641
44642
44643
44644
44645
44646
44647
44648
44649
44650
44651
44652
44653
44654
44655
44656
44657
44658
44659
44660
44661
44662
44663
44664
44665
44666
44667
44682
44686
44689
44692
44693
44696
44697
44698
44699
44700
44701
44702
44704
44705
44706
44708
44709
44724
44726
44727
44728
44730
44731
44735
44738
44739
44740
44741
44742
44743
44744
44745
44746
44747
44748
44749
44750
44751
44759
44760
44761
44762
44763
44764
44765
44767
44771
44815
44816
44817
44818
44819
44820
44821
44829
44830
44831
44832
44833
44834
44835
44836
44837
44838
44839
44840
44841
44842
44843
44844
44845
44846
44847
44848
44849
44850
44851
44852
44853
44854
44855
44856
44857
44858
44859
44864
44865
44866
44871
44872
44873
44885
44886
44887
44888
44889
44890
44891
45060
45061
45062
45063
45064
45065
45066
45067
45068
45069
45070
45071
45072
45073
45074
45075
45076
45077
45078
45079
45080
45081
45082
45083
45084
45085
45086
45087
45102
45106
45109
45112
45113
45116
45117
45118
45119
45120
45121
45122
45124
45125
45126
45128
45129
45144
45146
45147
45148
45150
45151
45155
45195
45199
45207
45208
45209
45210
45211
45212
45213
45228
45229
45230
45232
45234
45235
45236
45237
45238
45239
45240
45241
45263
45266
45267
45270
45271
45272
45273
45274
45275
45276
45277
45278
45279
45280
45281
45282
45283
45592
45593
45594
45595
45596
45597
45598
45599
45600
45601
45602
45603
45604
45605
45606
45607
45608
45609
45610
45611
45612
45613
45614
45615
45616
45617
45618
45619
45634
45638
45641
45644
45645
45648
45649
45650
45651
45652
45653
45654
45684
45685
45688
45689
45691
45692
45695
45696
45698
45699
45702
45703
45739
45740
45741
45742
45743
45744
45745
45753
45754
45755
45756
45757
45758
45759
45760
45761
45762
45763
45764
45765
45766
45790
45794
45796
45800
45802
45806
45812
45991
45992
45993
45994
45995
45996
45997
45998
45999
46000
46001
46002
46003
46004
46005
46006
46007
46008
46009
46010
46011
46012
46013
46014
46015
46016
46017
46018
46026
46030
46033
46036
46037
46068
46069
46070
46071
46072
46073
46074
46075
46076
46077
46078
46079
46080
46081
46090
46096
46100
46106
46271
46272
46273
46274
46275
46276
46277
46278
46279
46280
46281
46282
46283
46284
46285
46286
46287
46288
46289
46290
46291
46299
46303
46313
46314
46315
46316
46317
46318
46319
46327
46328
46329
46330
46331
46332
46333
46348
46352
46358
46509
46510
46511
46512
46513
46514
46515
46516
46517
46518
46519
46520
46521
46522
46523
46524
46525
46526
46527
46528
46529
46537
46540
46541
46551
46552
46553
46554
46555
46556
46557
46558
46559
46560
46561
46562
46563
46564
46572
46573
46574
46575
46576
46577
46578
46579
46580
46581
46582
46583
46584
46585
46586
46587
46588
46589
46590
46591
46592
47147
47148
47151
47152
47160
47163
47164
47323
47327
47335
47338
47339
48164
48165
48166
48167
48171
48172
48173
48174
48178
48179
48180
48181
48185
48186
48187
48188
48192
48193
48194
48195
48199
48200
48201
48202
48206
48207
48208
48209
48245
48246
48247
48248
48249
48250
48251
48252
48253
48254
48255
48256
48257
48258
48259
48260
48261
48262
48263
48264
48265
48266
48267
48268
48269
48270
48271
48272
48280
48281
48282
48283
48284
48285
48286
48287
48288
48289
48290
48291
48292
48293
48294
48295
48296
48297
48298
48299
48300
48315
48316
48317
48318
48319
48320
48321
48322
48323
48324
48325
48326
48327
48328
48329
48330
48331
48332
48333
48334
48335
48350
48351
48352
48353
48354
48355
48356
48357
48358
48359
48360
48361
48362
48363
48364
48365
48366
48367
48368
48369
48370
48385
48386
48387
48388
48389
48390
48391
48392
48393
48394
48395
48396
48397
48398
48399
48400
48401
48402
48403
48404
48405
48420
48421
48422
48423
48424
48425
48426
48427
48428
48429
48430
48431
48432
48433
48434
48435
48436
48437
48438
48439
48440
48455
48456
48457
48458
48459
48460
48461
48462
48463
48464
48465
48466
48467
48468
48469
48470
48471
48472
48473
48474
48475
48483
48486
48487
48488
48489
48546
48547
48548
48549
48550
48551
48552
48553
48554
48555
48556
48557
48558
48559
48560
48561
48562
48563
48564
48565
48566
48567
48568
48569
48570
48571
48572
48573
48574
48575
48576
48577
48578
48579
48580
48581
48582
48583
48584
48585
48586
48587
48588
48589
48590
48591
48592
48593
48594
48595
48596
48597
48598
48599
48600
48601
48602
48603
48604
48605
48606
48607
48608
48609
48610
48611
48612
48613
48614
48615
48616
48617
48618
48619
48620
48621
48622
48623
48624
48625
48626
48627
48628
48629
48630
48631
48632
48633
48634
48635
48636
48637
48638
48639
48640
48641
48642
48643
48644
48645
48646
48647
48648
48649
48650
48651
48652
48653
48654
48655
48656
48657
48875
48877
48879
48881
48882
48883
48884
48885
48886
48887
48888
48889
48890
48891
48892
48893
48894
48895
48896
48897
48898
48899
48900
48901
48902
48904
48905
48908
48909
48910
48911
48913
48915
48917
48920
48921
48924
48927
48928
48931
48934
48935
48938
48940
48941
48942
49526
49527
49528
49529
49530
49531
49532
49687
49688
49689
49690
49691
49692
49693
49697
49701
49703
49705
49707
49892
49896
49897
49898
49899
49900
49901
49902
49903
49907
49911
49913
49915
49917
49925
49927
49929
49931
49933
49935
49937
49939
49940
49941
49942
49943
49944
49945
50117
50118
50119
50120
50129
50133
50142
50143
50144
50145
50146
50147
50148
50152
50163
50165
50167
50169
50177
50179
50181
50183
50185
50187
50189
50191
50192
50193
50194
50195
50196
50197
50451
50452
50455
50456
50492
50493
50494
50495
50496
50497
50498
50500
50502
50504
50506
50509
50510
50548
50549
50550
50551
50552
50553
50554
50558
50565
50566
50567
50568
50569
50571
50573
50575
50576
50577
50578
50579
50580
50581
50582
50583
50584
50585
50586
50587
50588
50589
50600
50601
50602
50603
50607
50608
50609
50610
50614
50615
50616
50617
50625
50627
50629
50631
50642
50643
50644
50645
50649
50650
50651
50652
50656
50657
50658
50659
50660
50662
50664
50666
50674
50676
50678
50680
50682
50684
50686
50688
50689
50690
50691
50692
50693
50694
50702
50703
50704
50705
50706
50707
50708
50872
50876
50878
50879
50882
50883
50893
50897
50905
50906
50907
50908
50909
50910
50911
50912
50913
50914
50915
50916
50917
50918
50919
50920
50921
50922
50923
50924
50925
50926
50927
50928
50929
50930
50931
50932
50947
50948
50949
50950
50951
50952
50953
50954
50955
50956
50957
50958
50959
50960
50968
50970
50971
50972
50974
50975
50976
50977
50978
50979
50980
50981
50985
51003
51005
51007
51009
51010
51011
51012
51013
51014
51015
51016
51031
51033
51035
51037
51038
51039
51040
51041
51042
51043
51044
51045
51046
51047
51048
51049
51050
51051
51055
51059
51060
51061
51062
51063
51064
51065
51066
51067
51068
51069
51070
51071
51072
51080
51081
51082
51083
51084
51085
51086
51087
51088
51089
51090
51091
51092
51093
51094
51095
51096
51097
51098
51099
51100
51101
51102
51103
51104
51105
51106
51107
51108
51109
51110
51111
51112
51113
51114
51115
51116
51117
51118
51119
51120
51121
51129
51130
51131
51132
51133
51134
51135
51136
51137
51138
51139
51140
51141
51142
51143
51144
51145
51146
51147
51148
51149
51150
51151
51152
51153
51154
51155
51156
51171
51173
51175
51177
51192
51196
51207
51211
51214
51215
51218
51219
51227
51228
51229
51230
51231
51232
51233
51234
51235
51236
51237
51238
51239
51240
51241
51242
51243
51244
51245
51246
51247
51255
51257
51258
51259
51261
51423
51424
51425
51426
51427
51428
51429
51430
51431
51432
51433
51434
51435
51436
51437
51438
51439
51440
51441
51442
51443
51444
51445
51446
51451
51452
51453
51458
51459
51460
51479
51480
51481
51482
51483
51484
51485
51486
51487
51488
51489
51490
51491
51492
51493
51494
51495
51496
51497
51498
51499
51507
51508
51509
51510
51511
51512
51513
51549
51553
51556
51557
51558
51559
51560
51561
51562
51570
51571
51572
51573
51574
51575
51576
51577
51578
51579
51580
51581
51582
51583
51585
51589
51591
51592
51593
51594
51595
51596
51597
51605
51607
51608
51609
51611
51612
51613
51614
51615
51616
51617
51618
51620
51621
51624
51625
51640
51641
51642
51643
51644
51645
51646
51647
51648
51649
51650
51651
51652
51653
51654
51655
51656
51657
51658
51659
51660
51668
51670
51671
51672
51674
52039
52040
52041
52042
52043
52044
52045
52047
52048
52049
52051
52052
52074
52075
52076
52077
52078
52079
52080
52081
52082
52083
52084
52086
52102
52103
52104
52105
52106
52107
52108
52109
52110
52111
52112
52113
52114
52115
52152
52156
52158
52159
52160
52161
52162
52163
52164
52172
52174
52175
52176
52178
52179
52180
52181
52182
52183
52184
52185
52187
52188
52191
52192
52207
52208
52209
52210
52211
52212
52213
52214
52215
52216
52217
52218
52219
52220
52221
52222
52223
52224
52225
52226
52227
52410
52412
52414
52416
52418
52422
52466
52468
52470
52472
52474
52475
52478
52479
52481
52482
52485
52486
52494
52495
52496
52497
52498
52499
52500
52522
52523
52524
52525
52526
52527
52528
52543
52544
52545
52546
52547
52548
52549
52551
52552
52555
52556
52571
52572
52573
52574
52575
52576
52577
52578
52579
52580
52581
52582
52583
52584
52755
52759
52761
52765
52823
52824
52825
52826
52827
52828
52829
52837
52838
52839
52840
52841
52842
52843
52845
52846
52849
52850
52858
52859
52860
52861
52862
52863
52864
52865
52866
52867
52868
52869
52870
52871
53028
53032
53034
53038
53047
53048
53049
53050
53051
53052
53053
53054
53055
53056
53057
53058
53059
53060
53076
53077
53080
53081
53089
53090
53091
53092
53093
53094
53095
53096
53097
53098
53099
53100
53101
53102
53250
53251
53252
53253
53254
53255
53256
53264
53265
53266
53267
53268
53269
53270
53271
53272
53273
53274
53275
53276
53277
53278
53279
53280
53281
53282
53283
53284
53292
53293
53294
53295
53296
53297
53298
53299
53300
53301
53302
53303
53304
53305
53314
53315
53318
53319
53327
53328
53329
53330
53331
53332
53333
53888
53889
53892
53893
54063
54064
54067
54068
55637
55638
55639
55640
55641
55642
55643
55777
55778
55779
55780
55781
55782
55783
55791
55792
55793
55794
55795
55796
55797
55798
55799
55800
55801
55802
55803
55804
55805
55806
55807
55808
55809
55810
55811
57821
57822
57823
57824
57825
57826
57827
57828
57829
57830
57831
57832
57833
57834
57835
57836
57837
57838
57839
57840
57841
57842
57843
57844
57845
57846
57847
57848
57849
57850
57851
57852
57853
57854
57855
57856
57857
57858
57859
57860
57861
57862
57863
57864
57865
57866
57867
57868
57869
57870
57871
57872
57873
57874
57875
57876
57877
57878
57879
57880
57881
57882
57883
57884
57885
57886
57887
57888
57889
57890
57891
57892
57893
57894
57895
57896
57897
57898
57899
57900
57901
57902
57903
57904
57905
57906
57907
57908
57909
57910
57911
57912
57913
57914
57915
57916
57917
57918
57919
57920
57921
57922
57923
57924
57925
57926
57927
57928
57929
57930
57931
57932
57933
57934
57935
57936
57937
57938
57939
57940
57941
57942
57943
57944
57945
57946
57947
57948
57949
57950
57951
57952
57953
57954
57955
57956
57957
57958
57959
57960
57961
57962
57963
57964
57965
57966
57967
57968
57969
57970
57971
57972
57973
57974
57975
57976
57977
57978
57979
57980
57981
57982
57983
57984
57985
57986
57987
57988
57989
57990
57991
57992
57993
57994
57995
57996
57997
57998
57999
58000
58001
58002
58003
58004
58005
58006
58007
58008
58009
58010
58011
58012
58013
58014
58015
58016
58017
58018
58019
58020
58021
58022
58023
58024
58025
58026
58027
58028
58029
58030
58031
58032
58033
58034
58035
58036
58037
58038
58039
58040
58041
58042
58043
58044
58045
58046
58047
58048
58049
58050
58051
58052
58053
58054
58055
58056
58057
58058
58059
58060
58061
58062
58063
58064
58065
58066
58067
58068
58069
58070
58071
58072
58073
58074
58075
58076
58077
58078
58079
58080
58081
58082
58083
58084
58085
58086
58087
58088
58089
58090
58091
58092
58093
58094
58095
58096
58097
58098
58099
58100
58101
58102
58103
58104
58105
58106
58107
58108
58109
58110
58111
58112
58113
58114
58115
58116
58117
58118
58119
58120
58121
58122
58123
58124
58125
58126
58127
58128
58129
58130
58131
58132
58133
58134
58135
58136
58137
58138
58139
58140
58141
58142
58143
58144
58145
58146
58147
58148
58149
58150
58151
58152
58153
58154
58155
58156
58157
58158
58159
58160
58161
58162
58163
58164
58165
58166
58167
58168
58169
58170
58171
58172
58173
58174
58175
58176
58177
58178
58179
58180
58181
58182
58183
58184
58185
58186
58187
58188
58189
58190
58191
58192
58193
58194
58195
58196
58197
58198
58199
58200
58201
58202
58203
58204
58205
58206
58207
58208
58209
58210
58211
58212
58213
58214
58215
58216
58217
58218
58219
58220
58221
58222
58223
58224
58225
58226
58227
58228
58229
58230
58231
58232
58233
58234
58235
58236
58237
58238
58239
58240
58241
58242
58243
58244
58245
58246
58247
58248
58249
58250
58251
58252
58253
58254
58255
58256
58257
58258
58259
58260
58261
58262
58263
58264
58265
58266
58267
58268
58269
58270
58271
58272
58273
58274
58275
58276
58277
58278
58279
58280
58281
58282
58283
58284
58285
58286
58287
58288
58289
58290
58291
58292
58293
58294
58295
58296
58297
58298
58299
58300
58301
58302
58303
58304
58305
58306
58307
58308
58309
58310
58311
58312
58313
58314
58315
58316
58317
58318
58319
58320
58321
58322
58323
58324
58325
58326
58327
58328
58329
58330
58331
58332
58333
58334
58335
58336
58337
58338
58339
58340
58341
58342
58343
58344
58345
58346
58347
58348
58349
58350
58351
58352
58353
58354
58355
58356
58357
58358
58359
58360
58361
58362
58363
58364
58365
58366
58367
58368
58369
58370
58371
58372
58373
58374
58375
58376
58377
58378
58379
58380
58381
58382
58383
58384
58385
58386
58387
58388
58389
58390
58391
58392
58393
58394
58395
58396
58397
58398
58399
58400
58401
58402
58403
58404
58405
58406
58407
58408
58409
58410
58411
58412
58413
58414
58415
58416
58417
58418
58419
58420
58421
58422
58423
58424
58425
58426
58427
58428
58429
58430
58431
58432
58433
58434
58435
58436
58437
58438
58439
58440
58441
58442
58443
58444
58445
58446
58447
58448
58449
58450
58451
58452
58453
58454
58455
58456
58457
58458
58459
58460
58461
58462
58463
58464
58465
58466
58467
58468
58469
58470
58471
58472
58473
58474
58475
58476
58477
58478
58479
58480
58481
58482
58483
58484
58485
58486
58487
58488
58489
58490
58491
58492
58493
58494
58495
58496
58497
58498
58499
58500
58501
58502
58503
58504
58505
58506
58507
58508
58509
58510
58511
58512
58513
58514
58515
58516
58517
58518
58519
58520
58521
58522
58523
58524
58525
58526
58527
58528
58529
58530
58531
58532
58533
58534
58535
58536
58537
58538
58539
58540
58541
58542
58543
58544
58545
58546
58547
58548
58549
58550
58551
58552
58553
58554
58555
58556
58557
58558
58559
58560
58561
58562
58563
58564
58565
58566
58567
58568
58569
58570
58571
58572
58573
58574
58575
58576
58577
58578
58579
58580
58581
58582
58583
58584
58585
58586
58587
58588
58589
58590
58591
58592
58593
58594
58595
58596
58597
58598
58599
58600
58601
58602
58603
58604
58605
58606
58607
58608
58609
58610
58611
58612
58613
58614
58615
58616
58617
58618
58619
58620
58621
58622
58623
58624
58625
58626
58627
58628
58629
58630
58631
58632
58633
58634
58635
58636
58637
58638
58639
58640
58641
58642
58643
58644
58645
58646
58647
58648
58649
58650
58651
58652
58653
58654
58655
58656
58657
58658
58659
58660
58661
58662
58663
58664
58665
58666
58667
58668
58669
58670
58671
58672
58673
58674
58675
58676
58677
58678
58679
58680
58681
58682
58683
58684
58685
58686
58687
58688
58689
58690
58691
58692
58693
58694
58695
58696
58697
58698
58699
58700
58701
58702
58703
58704
58705
58706
58707
58708
58709
58710
58711
58712
58713
58714
58715
58716
58717
58718
58719
58720
58721
58722
58723
58724
58725
58726
58727
58728
58729
58730
58731
58732
58733
58734
58735
58736
58737
58738
58739
58740
58741
58742
58743
58744
58745
58746
58747
58748
58749
58750
58751
58752
58753
58754
58755
58756
58757
58758
58759
58760
58761
58762
58763
58764
58765
58766
58767
58768
58769
58770
58771
58772
58773
58774
58775
58776
58777
58778
58779
58780
58781
58782
58783
58784
58785
58786
58787
58788
58789
58790
58791
58792
58793
58794
58795
58796
58797
58798
58799
58800
58801
58802
58803
58804
58805
58806
58807
58808
58809
58810
58811
58812
58813
58814
58815
58816
58817
58818
58819
58820
58821
58822
58823
58824
58825
58826
58827
58828
58829
58830
58831
58832
58833
58834
58835
58836
58837
58838
58839
58840
58841
58842
58843
58844
58845
58846
58847
58848
58849
58850
58851
58852
58853
58854
58855
58856
58857
58858
58859
58860
58861
58862
58863
58864
58865
58866
58867
58868
58869
58870
58871
58872
58873
58874
58875
58876
58877
58878
58879
58880
58881
58882
58883
58884
58885
58886
58887
58888
58889
58890
58891
58892
58893
58894
58895
58896
58897
58898
58899
58900
58901
58902
58903
58904
58905
58906
58907
58908
58909
58910
58911
58912
58913
58914
58915
58916
58917
58918
58919
58920
58921
58922
58923
58924
58925
58926
58927
58928
58929
58930
58931
58932
58933
58934
58935
58936
58937
58938
58939
58940
58941
58942
58943
58944
58945
58946
58947
58948
58949
58950
58951
58952
58953
58954
58955
58956
58957
58958
58959
58960
58961
58962
58963
58964
58965
58966
58967
58968
58969
58970
58971
58972
58973
58974
58975
58976
58977
58978
58979
58980
58981
58982
58983
58984
58985
58986
58987
58988
58989
58990
58991
58992
58993
58994
58995
58996
58997
58998
58999
59000
59001
59002
59003
59004
59005
59006
59007
59008
59009
59010
59011
59012
59013
59014
59015
59016
59017
59018
59019
59020
59021
59022
59023
59024
59025
59026
59027
59028
59029
59030
59031
59032
59033
59034
59035
59036
59037
59038
59039
59040
59041
59042
59043
59044
59045
59046
59047
59048
59049
59050
59051
59052
59053
59054
59055
59056
59057
59058
59059
59060
59061
59062
59063
59064
59065
59066
59067
59068
59069
59070
59071
59072
59073
59074
59075
59076
59077
59078
59079
59080
59081
59082
59083
59084
59085
59086
59087
59088
59089
59090
59091
59092
59093
59094
59095
59096
59097
59098
59099
59100
59101
59102
59103
59104
59105
59106
59107
59108
59109
59110
59111
59112
59113
59114
59115
59116
59117
59118
59119
59120
59121
59122
59123
59124
59125
59126
59127
59128
59129
59130
59131
59132
59133
59134
59135
59136
59137
59138
59139
59140
59141
59142
59143
59144
59145
59146
59147
59148
59149
59150
59151
59152
59153
59154
59155
59156
59157
59158
59159
59160
59161
59162
59163
59164
59165
59166
59167
59168
59169
59170
59171
59172
59173
59174
59175
59176
59177
59178
59179
59180
59181
59182
59183
59184
59185
59186
59187
59188
59189
59190
59191
59192
59193
59194
59195
59196
59197
59198
59199
59200
59201
59202
59203
59204
59205
59206
59207
59208
59209
59210
59211
59212
59213
59214
59215
59216
59217
59218
59219
59220
59221
59222
59223
59224
59225
59226
59227
59228
59229
59230
59231
59232
59233
59234
59235
59236
59237
59238
59239
59240
59241
59242
59243
59244
59245
59246
59247
59248
59249
59250
59251
59252
59253
59254
59255
59256
59257
59258
59259
59260
59261
59262
59263
59264
59265
59266
59267
59268
59269
59270
59271
59272
59273
59274
59275
59276
59277
59278
59279
59280
59281
59282
59283
59284
59285
59286
59287
59288
59289
59290
59291
59292
59293
59294
59295
59296
59297
59298
59299
59300
59301
59302
59303
59304
59305
59306
59307
59308
59309
59310
59311
59312
59313
59314
59315
59316
59317
59318
59319
59320
59321
59322
59323
59324
59325
59326
59327
59328
59329
59330
59331
59332
59333
59334
59335
59336
59337
59338
59339
59340
59341
59342
59343
59344
59345
59346
59389
59390
59391
59392
59393
59394
59395
59396
59397
59398
59399
59400
59401
59402
59403
59404
59405
59406
59407
59408
59409
59410
59411
59412
59413
59414
59415
59416
59417
59418
59419
59420
59421
59422
59423
59424
59425
59426
59427
59428
59429
59430
59431
59432
59433
59434
59435
59436
59437
59438
59439
59440
59441
59442
59443
59444
59445
59446
59447
59448
59449
59450
59451
59452
59453
59454
59455
59456
59457
59458
59459
59460
59461
59462
59463
59464
59465
59466
59467
59468
59469
59470
59471
59472
59473
59474
59475
59476
59477
59478
59479
59480
59481
59482
59483
59484
59485
59486
59487
59488
59489
59490
59491
59492
59493
59494
59495
59496
59497
59498
59499
59500
59501
59502
59503
59504
59505
59506
59507
59508
59509
59510
59511
59512
59513
59514
59515
59516
59517
59518
59519
59520
59521
59522
59523
59524
59525
59526
59527
59528
59529
59530
59531
59532
59533
59534
59535
59536
59537
59538
59539
59540
59541
59542
59543
59544
59545
59546
59547
59548
59549
59550
59551
59552
59553
59554
59555
59556
59557
59558
59559
59560
59561
59562
59563
59564
59565
59566
59567
59568
59569
59570
59571
59572
59573
59574
59575
59576
59577
59578
59579
59580
59581
59582
59583
59584
59585
59586
59587
59588
59589
59590
59591
59592
59593
59594
59595
59596
59597
59598
59599
59600
59601
59602
59603
59604
59605
59606
59607
59608
59609
59610
59611
59612
59613
59614
59615
59616
59617
59618
59619
59620
59621
59622
59623
59624
59625
59626
59627
59628
59629
59630
59631
59632
59633
59634
59635
59636
59637
59638
59639
59640
59641
59642
59643
59644
59645
59646
59647
59648
59649
59650
59651
59652
59653
59654
59655
59656
59657
59658
59659
59660
59661
59662
59663
59664
59665
59666
59667
59668
59669
59670
59671
59672
59673
59674
59675
59676
59677
59678
59679
59680
59681
59682
59683
59684
59685
59686
59687
59688
59689
59690
59691
59692
59693
59694
59695
59696
59697
59698
59699
59700
59701
59702
59703
59704
59705
59706
59707
59708
59709
59710
59711
59712
59713
59714
59715
59716
59717
59718
59719
59720
59721
59722
59723
59724
59725
59726
59727
59728
59729
59730
59731
59732
59733
59734
59735
59736
59737
59738
59739
59740
59741
59742
59743
59744
59745
59746
59747
59748
59749
59750
59751
59752
59753
59754
59755
59756
59757
59758
59759
59760
59761
59762
59763
59764
59765
59766
59767
59768
59769
59770
59771
59772
59773
59774
59775
59776
59777
59778
59779
59780
78681
78682
78683
78684
78685
78686
78687
81817
81818
81819
81820
81821
81822
81823
84813
84814
84815
84816
84817
84818
84819
87354
87355
87356
87357
87358
87359
87360
87438
87439
87440
87441
87442
87443
87444
87445
87446
87447
87448
87449
87450
87451
87634
87635
87636
87637
87638
87639
87640
89489
89490
89491
89492
89493
89494
89495
89496
89497
89498
89499
89500
89501
89502
89566
89567
89568
89569
89570
89571
89572
89713
89714
89715
89716
89717
89718
89719
89797
89798
89799
89800
89801
89802
89803
89916
89917
89918
89919
89920
89921
89922
91176
91177
91178
91179
91180
91181
91182
91295
91296
91297
91298
91299
91300
91301
91694
91695
91696
91697
91698
91699
91700
91701
91702
91703
91704
91705
91706
91707
91708
91709
91710
91711
91712
91713
91714
91778
91779
91780
91781
91782
91783
91784
91785
91786
91787
91788
91789
91790
91791
91792
91793
91794
91795
91796
91797
91798
91799
91800
91801
91802
91803
91804
91805
91869
91870
91871
91872
91873
91874
91875
93500
93501
93502
93503
93504
93505
93506
93934
93935
93936
93937
93938
93939
93940
93941
93942
93943
93944
93945
93946
93947
93948
93949
93950
93951
93952
93953
93954
94025
94026
94027
94028
94029
94030
94031
94032
94033
94034
94035
94036
94037
94038
94039
94040
94041
94042
94043
94044
94045
94046
94047
94048
94049
94050
94051
94052
96384
96385
96386
96387
96388
96389
96390
96391
96392
96393
96394
96395
96396
96397
96398
96399
96400
96401
96402
96403
96404
96496
96497
96498
96499
96500
96501
96502
96503
96504
96505
96506
96507
96508
96509
96510
96511
96512
96513
96514
96515
96516
98449
98450
98451
98452
98453
98454
98455
98554
98555
98556
98557
98558
98559
98560
99226
99227
99228
99229
99230
99231
99232
99233
99234
99235
99236
99237
99238
99239
99338
99339
99340
99341
99342
99343
99344
99345
99346
99347
99348
99349
99350
99351
99352
99353
99354
99355
99356
99357
99358
101438
101439
101440
101441
101442
101443
101444
102229
102230
102231
102232
102233
102234
102235
102236
102237
102238
102239
102240
102241
102242
102341
102342
102343
102344
102345
102346
102347
102348
102349
102350
102351
102352
102353
102354
135451
135452
135453
135454
135455
135456
135457
135458
135459
135460
135461
135462
135463
135464
135465
135466
135467
135468
135469
135470
135471
152853
152854
152855
152856
152857
152858
152859
155982
155983
155984
155985
155986
155987
155988
158964
158965
158966
158967
158968
158969
158970
161281
161282
161283
161284
161285
161286
161287
161477
161478
161479
161480
161481
161482
161483
161484
161485
161486
161487
161488
161489
161490
161568
161569
161570
161571
161572
161573
161574
163542
163543
163544
163545
163546
163547
163548
163661
163662
163663
163664
163665
163666
163667
163752
163753
163754
163755
163756
163757
163758
163892
163893
163894
163895
163896
163897
163898
163899
163900
163901
163902
163903
163904
163905
163969
163970
163971
163972
163973
163974
163975
163976
163977
163978
163979
163980
163981
163982
166181
166182
166183
166184
166185
166186
166187
166188
166189
166190
166191
166192
166193
166194
166258
166259
166260
166261
166262
166263
166264
166265
166266
166267
166268
166269
166270
166271
166272
166273
166274
166275
166276
166277
166278
166279
166280
166281
166282
166283
166284
166285
166349
166350
166351
166352
166353
166354
166355
166356
166357
166358
166359
166360
166361
166362
166363
166364
166365
166366
166367
166368
166369
166769
166770
166771
166772
166773
166774
166775
166888
166889
166890
166891
166892
166893
166894
166986
166987
166988
166989
166990
166991
166992
168575
168576
168577
168578
168579
168580
168581
168652
168653
168654
168655
168656
168657
168658
168659
168660
168661
168662
168663
168664
168665
168666
168667
168668
168669
168670
168671
168672
168673
168674
168675
168676
168677
168678
168679
168750
168751
168752
168753
168754
168755
168756
168757
168758
168759
168760
168761
168762
168763
168764
168765
168766
168767
168768
168769
168770
169289
169290
169291
169292
169293
169294
169295
169387
169388
169389
169390
169391
169392
169393
171207
171208
171209
171210
171211
171212
171213
171214
171215
171216
171217
171218
171219
171220
171312
171313
171314
171315
171316
171317
171318
171319
171320
171321
171322
171323
171324
171325
171326
171327
171328
171329
171330
171331
171332
171424
171425
171426
171427
171428
171429
171430
171431
171432
171433
171434
171435
171436
171437
171438
171439
171440
171441
171442
171443
171444
172145
172146
172147
172148
172149
172150
172151
174119
174120
174121
174122
174123
174124
174125
174126
174127
174128
174129
174130
174131
174132
174133
174134
174135
174136
174137
174138
174139
174238
174239
174240
174241
174242
174243
174244
174245
174246
174247
174248
174249
174250
174251
174994
174995
174996
174997
174998
174999
175000
175001
175002
175003
175004
175005
175006
175007
175008
175009
175010
175011
175012
175013
175014
175113
175114
175115
175116
175117
175118
175119
177101
177102
177103
177104
177105
177106
177107
177108
177109
177110
177111
177112
177113
177114
177115
177116
177117
177118
177119
177120
177121
177220
177221
177222
177223
177224
177225
177226
177227
177228
177229
177230
177231
177232
177233
178018
178019
178020
178021
178022
178023
178024
178025
178026
178027
178028
178029
178030
178031
181014
181015
181016
181017
181018
181019
181020
215713
215714
215715
215716
215717
215718
215719
215720
215721
215722
215723
215724
215725
215726
215727
215728
215729
215730
215731
215732
215733
215734
215735
215736
215737
215738
215739
215740
215741
215742
215743
215744
215745
215746
215747
215748
215749
215750
215751
215752
215753
215754
215755
215756
215757
215758
215759
215760
215761
215762
215763
215764
215765
215766
215767
215768
215769
215770
215771
215772
215773
215774
215775
215776
215777
215778
215779
215780
215781
215782
215783
215784
215785
215786
215787
215788
215789
215790
215791
215792
215793
215794
215795
215796
215797
215798
215799
215800
215801
215802
215803
215804
215805
215806
215807
215808
215809
215810
215811
215812
215813
215814
215815
215816
215817
215818
215819
215820
215821
215822
215823
215824
215825
215826
215827
215828
215829
215830
215831
215832
215833
215834
215835
215836
215837
215838
215839
215840
215841
215842
215843
215844
215845
215846
215847
215848
215849
215850
215851
215852
215853
215854
215855
215856
215857
215858
215859
215860
215861
215862
215863
215864
215865
215866
215867
215868
215869
215870
215871
215872
215873
215874
215875
215876
215877
215878
215879
215880
215881
215882
215883
215884
215885
215886
215887
215888
215889
215890
215891
215892
215893
215894
215895
215896
215897
215898
215899
215900
215901
215902
215903
215904
215905
215906
215907
215908
215909
215910
215911
215912
215913
215914
215915
215916
215917
215918
215919
215920
215921
215922
215923
215924
215925
215926
215927
215928
215929
215930
215931
215932
215933
215934
215935
215936
215937
215938
215939
215940
215941
215942
215943
215944
215945
215946
215947
215948
215949
215950
215951
215952
215953
215954
215955
215956
215957
215958
215959
215960
215961
215962
215963
215964
215965
215966
215967
215968
215969
215970
215971
215972
215973
215974
215975
215976
215977
215978
215979
215980
215981
215982
215983
215984
215985
215986
215987
215988
215989
215990
215991
215992
215993
215994
215995
215996
215997
215998
215999
216000
216001
216002
216003
216004
216005
216006
216007
216008
216009
216010
216011
216012
216013
216014
216015
216016
216017
216018
216019
216020
216021
216022
216023
216024
216025
216026
216027
216028
216029
216030
216031
216032
216033
216034
216035
216036
216037
216038
216039
216040
216041
216042
216043
216044
216045
216046
216047
216048
216049
216050
216051
216052
216053
216054
216055
216056
216057
216058
216059
216060
216061
216062
216063
216064
216065
216066
216067
216068
216069
216070
216071
216072
216073
216074
216075
216076
216077
216078
216079
216080
216081
216082
216083
216084
216085
216086
216087
216088
216089
216090
216091
216092
216093
216094
216095
216096
216097
216098
216099
216100
216101
216102
216103
216104
216105
216106
216107
216108
216109
216110
216111
216112
216113
216114
216115
216116
216117
216118
216119
216120
216121
216122
216123
216124
216125
216126
216127
216128
216129
216130
216131
216132
216133
216134
216135
216136
216137
216138
216139
216140
216141
216142
216143
216144
216145
216146
216147
216148
216149
216150
216151
216152
216153
216154
216155
216156
216157
216158
216159
216160
216161
216162
216163
216164
216165
216166
216167
216168
216169
216170
216171
216172
216173
216174
216175
216176
216177
216178
216179
216180
216181
216182
216183
216184
216185
216186
216187
216188
216189
216190
216191
216192
216193
216194
216195
216196
216197
216198
216199
216200
216201
216202
216203
216204
216205
216206
216207
216208
216209
216210
216211
216212
216213
216214
216215
216216
216217
216218
216219
216220
216221
216222
216223
216224
216225
216226
216227
216228
216229
216230
216231
216232
216233
216234
216235
216236
216237
216238
216239
216240
216241
216242
216243
216244
216245
216246
216247
216248
216249
216250
216251
216252
216253
216254
216255
216256
216257
216258
216259
216260
216261
216262
216263
216264
216265
216266
216267
216268
216269
216270
216271
216272
216273
216274
216275
216276
216277
216278
216279
216280
216281
216282
216283
216284
216285
216286
216287
216288
216289
216290
216291
216292
216293
216294
216295
216296
216297
216298
216299
216300
216301
216302
216303
216304
216305
216306
216307
216308
216309
216310
216311
216312
216313
216314
216315
216316
216317
216318
216319
216320
216321
216322
216323
216324
216325
216326
216327
216328
216329
216330
216331
216332
216333
216334
216335
216336
216337
216338
216339
216340
216341
216342
216343
216344
216345
216346
216347
216348
216349
216350
216351
216352
216353
216354
216355
216356
216357
216358
216359
216360
216361
216362
216363
216364
216365
216366
216367
216368
216369
216370
216371
216372
216373
216374
216375
216376
216377
216378
216379
216380
216381
216382
216383
216384
216385
216386
216387
216388
216389
216390
216391
216392
216393
216394
216395
216396
216397
216398
216399
216400
216401
216402
216403
216404
216405
216406
216407
216408
216409
216410
216411
216412
216413
216414
216415
216416
216417
216418
216419
216420
216421
216422
216423
216424
216425
216426
216427
216428
216429
216430
216431
216432
216433
216434
216435
216436
216437
216438
216439
216440
216441
216442
216443
216444
216445
216446
216447
216448
216449
216450
216451
216452
216453
216454
216455
216456
216457
216458
216459
216460
216461
216462
216463
216464
216465
216466
216467
216468
216469
216470
216471
216472
216473
216474
216475
216476
216477
216478
216479
216480
216481
216482
216483
216484
216485
216486
216487
216488
216489
216490
216491
216492
216493
216494
216495
216496
216497
216498
216499
216500
216501
216502
216503
216504
216505
216506
216507
216508
216509
216510
216511
216512
216513
216514
216515
216516
216517
216518
216519
216520
216521
216522
216523
216524
216525
216526
216527
216528
216529
216530
216531
216532
216533
216534
216535
216536
216537
216538
216539
216540
216541
216542
216543
216544
216545
216546
216547
216548
216549
216550
216551
216552
216553
216554
216555
216556
216557
216558
216559
216560
216561
216562
216563
216564
216565
216566
216567
216568
216569
216570
216571
216572
216573
216574
216575
216576
216577
216578
216579
216580
216581
216582
216583
216584
216585
216586
216587
216588
216589
216590
216591
216592
216593
216594
216595
216596
216597
216598
216599
216600
216601
216602
216603
216604
216605
216606
216607
216608
216609
216610
216611
216612
216613
216614
216615
216616
216617
216618
216619
216620
216621
216622
216623
216624
216625
216626
216627
216628
216629
216630
216631
216632
216633
216634
216635
216636
216637
216638
216639
216640
216641
216642
216643
216644
216645
216646
216647
216648
216649
216650
216651
216652
216653
216654
216655
216656
216657
216658
216659
216660
216661
216662
216663
216664
216665
216666
216667
216668
216669
216670
216671
216672
216673
216674
216675
216676
216677
216678
216679
216680
216681
216682
216683
216684
216685
216686
216687
216688
216689
216690
216691
216692
216693
216694
216695
216696
216697
216698
216699
216700
216701
216702
216703
216704
216705
216706
216707
216708
216709
216710
216711
216712
216713
216714
216715
216716
216717
216718
216719
216720
216721
216722
216723
216724
216725
216726
216727
216728
216729
216730
216731
216732
216733
216734
216735
216736
216737
216738
216739
216740
216741
216742
216743
216744
216745
216746
216747
216748
216749
216750
216751
216752
216753
216754
216755
216756
216757
216758
216759
216760
216761
216762
216763
216764
216765
216766
216767
216768
216769
216770
216771
216772
216773
216774
216775
216776
216777
216778
216779
216780
216781
216782
216783
216784
216785
216786
216787
216788
216789
216790
216791
216792
216793
216794
216795
216796
216797
216798
216799
216800
216801
216802
216803
216804
216805
216806
216807
216808
216809
216810
216811
216812
216813
216814
216815
216816
216817
216818
216819
216820
216821
216822
216823
216824
216825
216826
216827
216828
216829
216830
216831
216832
216833
216834
216835
216836
216837
216838
216839
216840
216841
216842
216843
216844
216845
216846
216847
216848
216849
216850
216851
216852
216853
216854
216855
216856
216857
216858
216859
216860
216861
216862
216863
216864
216865
216866
216867
216868
216869
216870
216871
216872
216873
216874
216875
216876
216877
216878
216879
216880
216881
216882
216883
216884
216885
216886
216887
216888
216889
216890
216891
216892
216893
216894
216895
216896
216897
216898
216899
216900
216901
216902
216903
216904
216905
216906
216907
216908
216909
216910
216911
216912
216913
216914
216915
216916
216917
216918
216919
216920
216921
216922
216923
216924
216925
216926
216927
216928
216929
216930
216931
216932
216933
216934
216935
216936
216937
216938
216939
216940
216941
216942
216943
216944
216945
216946
216947
216948
216949
216950
216951
216952
216953
216954
216955
216956
216957
216958
216959
216960
216961
216962
216963
216964
216965
216966
216967
216968
216969
216970
216971
216972
216973
216974
216975
216976
216977
216978
216979
216980
216981
216982
216983
216984
216985
216986
216987
216988
216989
216990
216991
216992
216993
216994
216995
216996
216997
216998
216999
217000
217001
217002
217003
217004
217005
217006
217007
217008
217009
217010
217011
217012
217013
217014
217015
217016
217017
217018
217019
217020
217021
217022
217023
217024
217025
217026
217027
217028
217029
217030
217031
217032
217033
217034
217035
217036
217037
217038
217039
217040
217041
217042
217043
217044
217045
217046
217047
217048
217049
217050
217051
217052
217053
217054
217055
217056
217057
217058
217059
217060
217061
217062
217063
217064
217065
217066
217067
217068
217069
217070
217071
217072
217073
217074
217075
217076
217077
217078
217079
217080
217081
217082
217083
217084
217085
217086
217087
217088
217089
217090
217091
217092
217093
217094
217095
217096
217097
217098
217099
217100
217101
217102
217103
217104
217105
217106
217107
217108
217109
217110
217111
217112
217113
217114
217115
217116
217117
217118
217119
217120
217121
217122
217123
217124
217125
217126
217701
217702
217703
217704
217705
217706
217707
217708
217709
217710
217711
217712
217713
217714
217715
217716
217717
217718
217719
217720
217721
217722
217723
217724
217725
217726
217727
217728
217729
217730
217731
217732
217733
217734
217735
217736
217737
217738
217739
217740
217741
217742
217743
217744
217745
217746
217747
217748
217749
217750
217751
217752
217753
217754
217755
217756
217757
217758
217759
217760
217761
217762
217763
217764
217765
217766
217767
217768
217769
217770
217771
217772
217773
217774
217775
217776
217777
217778
217779
217780
217781
217782
217783
217784
217785
217786
217787
217788
217789
217790
217791
217792
217793
217794
217795
217796
217797
217798
217799
217800
217801
217802
217803
217804
217805
217806
217807
217808
217809
217810
217811
217812
217813
217814
217815
217816
217817
217818
217819
217820
217821
217822
217823
217824
217825
217826
217827
217828
217829
217830
217831
217832
217833
217834
217835
217836
217837
217838
217839
217840
217841
217842
217843
217844
217845
217846
217847
217848
217849
217850
217851
217852
217853
217854
217855
217856
217857
217858
217859
217860
217861
217862
217863
217864
217865
217866
217867
217868
217869
217870
217871
217872
217873
217874
217875
217876
217877
217878
217879
217880
217881
217882
217883
217884
217885
217886
217887
217888
217889
217890
217891
217892
217893
217894
217895
217896
217897
217898
217899
217900
217901
217902
217903
217904
217905
217906
217907
217908
217909
217910
217911
217912
217913
217914
217915
217916
217917
217918
217919
217920
217921
217922
217923
217924
217925
217926
217927
217928
217929
217930
217931
218310
218311
218312
218313
218314
218315
218316
218317
218318
218319
218320
218321
218322
218323
218324
218325
218326
218327
218328
218329
218330
218331
218332
218333
218334
218335
218336
218337
218338
218339
218340
218341
218342
218343
218344
218345
218346
218347
218348
218349
218350
218351
218352
218353
218354
218355
218356
218357
218358
218359
218360
218361
218362
218363
218364
218365
218366
218367
218368
218369
218370
218371
218372
218373
218374
218375
218376
218377
218378
218379
218380
218381
218382
218383
218384
218385
218386
218387
218388
218389
218390
218391
218392
218393
218394
218395
218396
218397
218398
218399
218400
218401
218402
218403
218404
218405
218406
218407
218408
218409
218410
218411
218412
218413
218414
218415
218416
218417
218418
218419
218420
218421
218422
218423
218424
218425
218426
218427
218428
218429
218430
218431
218432
218433
218434
218435
218436
218437
218438
218439
218440
218441
218442
218443
218444
218445
218446
218447
218448
218449
218450
218451
218452
218453
218454
218455
218456
218457
218458
218459
218460
218461
218462
218463
218464
218465
218466
218467
218468
218469
218470
218471
218472
218473
218474
218475
218476
218477
218478
218479
218480
218481
218482
218483
218484
218485
218486
218487
218488
218489
218490
218491
218492
218493
218494
218495
218496
218497
218498
218499
218500
218501
218502
218503
218504
218505
218506
218507
218508
218509
218510
218511
218512
218513
218514
218515
218516
218517
218518
218519
218520
218521
218522
218523
218524
218525
218526
218527
218528
218529
218530
218531
218532
218533
218534
218535
218536
218537
218538
218539
218540
218541
218542
218543
218544
218545
218546
218547
218548
218549
218550
218551
218552
218553
218554
218555
218556
218557
218558
218559
218560
218561
218562
218563
218564
218565
218566
218567
218568
218569
218570
218571
218572
218573
218574
218575
218576
218577
218578
218579
218580
218581
218582
218583
218584
218585
218586
218587
218588
218589
218590
218591
218592
218593
218594
218595
218596
218597
218598
218599
218600
218601
218602
218603
218604
218605
218606
218607
218608
218609
218610
218611
218612
218613
218614
218615
218616
218617
218618
218619
218620
218621
218622
218623
218624
218625
218626
218627
218628
218629
218630
218631
218632
218633
218634
218635
218636
218637
218638
218639
218640
218641
218642
218643
218644
218645
218646
218647
218648
218649
218650
218651
218652
218653
218654
218655
218656
218657
218658
218659
218660
218661
218662
218663
218664
218665
218666
218667
218668
218669
218670
218671
218672
218673
218674
218675
218676
218677
218678
218679
218680
218681
218682
218683
218684
218685
218686
218687
218688
218689
218690
218691
218692
218693
218694
218695
218696
218697
218698
218699
218700
218701
218702
218703
218704
218705
218706
218707
218708
218709
218710
218711
218712
218713
218714
218715
218716
218717
218718
218719
218720
218721
218722
218723
218724
218725
218726
218727
218728
218729
218730
218731
218732
218733
218734
218735
218736
218737
218738
218739
218740
218741
218742
218743
218744
218745
218746
218747
218748
218749
218750
218751
218752
218753
218754
218755
218756
218757
218758
218759
218760
218761
218762
218763
218764
218765
218766
218767
218768
218769
218770
218771
218772
218773
218774
218775
218776
218777
218778
218779
218780
218781
218782
218783
218784
218785
218786
218787
218788
218789
218790
218791
218792
218793
218794
218795
218796
218797
218798
218799
218800
218801
218802
218803
218804
218805
218806
218807
218808
218809
218810
218811
218812
218813
218814
218815
218816
218817
218818
218819
218820
218821
218822
218823
218824
218825
218826
218827
218828
218829
218830
218831
218832
218833
218834
218835
218836
218837
218838
218839
218840
218841
218842
218843
218844
218845
218846
218847
218848
218849
218850
218851
218852
218853
218854
218855
218856
218857
218858
218859
218860
218861
218862
218863
218864
218865
218866
218867
218868
218869
218870
218871
218872
218873
218874
218875
218876
218877
218878
218879
218880
218881
218882
218883
218884
218885
218886
218887
218888
218889
218890
218891
218892
218893
218894
218895
218896
218897
218898
218899
218900
218901
218902
218903
218904
218905
218906
218907
218908
218909
218910
218911
218912
218913
218914
218915
218916
218917
218918
218919
218920
218921
218922
218923
218924
218925
218926
218927
218928
218929
218930
218931
218932
218933
218934
218935
218936
218937
218938
218939
218940
218941
218942
218943
218944
218945
218946
218947
218948
218949
218950
218951
218952
218953
218954
218955
218956
218957
218958
218959
218960
218961
218962
218963
218964
218965
218966
218967
218968
218969
218970
218971
218972
218973
218974
218975
218976
218977
218978
218979
218980
218981
218982
218983
218984
218985
218986
218987
218988
218989
218990
218991
218992
218993
218994
218995
218996
218997
218998
218999
219000
219001
219002
219003
219004
219005
219006
219007
219008
219009
219010
219011
219012
219013
219014
219015
219016
219017
219018
219019
219020
219021
219022
219023
219024
219025
219026
219027
219028
219029
219030
219031
219032
219033
219034
219035
219036
219037
219038
219039
219040
219041
219042
219043
219044
219045
219046
219047
219048
219049
219050
219051
219052
219053
219054
219055
219056
219057
219058
219059
219060
219061
219062
219063
219064
219065
219066
219067
219068
219069
219070
219071
219072
219073
219074
219075
219076
219077
219078
219079
219080
219081
219082
219083
219084
219085
219086
219087
219088
219089
219090
219091
219092
219093
219094
219095
219096
219097
219098
219099
219100
219101
219102
219103
219104
219105
219106
219107
219108
219109
219110
219111
219112
219113
219114
219115
219116
219117
219118
219119
219120
219121
219122
219123
219124
219125
219126
219127
219128
219129
219130
219131
219132
219133
219134
219135
219136
219137
219138
219139
219140
219141
219142
219143
219144
219145
219146
219147
219148
219149
219150
219151
219152
219153
219154
219155
219156
219157
219158
219159
219160
219161
219162
219163
219164
219165
219166
219167
219168
219169
219170
219171
219172
219173
219174
219175
219176
219177
219178
219179
219180
219181
219182
219183
219184
219185
219186
219187
219188
219189
219190
219191
219192
219193
219194
219195
219196
219197
219198
219199
219200
219201
219202
219203
219204
219205
219206
219207
219208
219209
219210
219211
219212
219213
219214
219215
219216
219217
219218
219219
219220
219221
219222
219223
219224
219225
219226
219227
219228
219229
219230
219231
219232
219233
219234
219235
219236
219237
219238
219239
219240
219241
219242
219243
219244
219245
219246
219247
219248
219249
219250
219251
219252
219253
219254
219255
219256
219257
219258
219259
219260
219261
219262
219263
219264
219265
219266
219267
219268
219269
219270
219271
219272
219273
219274
219275
219276
219277
219278
219279
219280
219281
219282
219283
219284
219285
219286
219287
219288
219289
219290
219291
219292
219293
219294
219295
219296
219297
219298
219299
219300
219301
219302
219303
219304
219305
219306
219307
219308
219309
219310
219311
219312
219313
219314
219315
219316
219317
219318
219319
219320
219321
219322
219323
219324
219325
219326
219327
219328
219329
219330
219331
219332
219333
219334
219335
219336
219337
219338
219339
219340
219341
219342
219343
219344
219345
219346
219347
219348
219349
219350
219351
219352
219353
219354
219355
219356
219357
219358
219359
219360
219361
219362
219363
219364
219365
219366
219367
219368
219369
219370
219371
219372
219373
219374
219375
219376
219377
219378
219379
219380
219381
219382
219383
219384
219385
219386
219387
219416
219417
219418
219419
219420
219421
219422
219423
219424
219425
219426
219427
219428
219429
219430
219431
219432
219433
219434
219435
219436
219437
219438
219439
219440
219441
219442
219443
219444
219445
219446
219447
219448
219449
219450
219451
219452
219453
219454
219455
219456
219457
219458
219459
219460
219461
219462
219463
219464
219465
219466
219467
219468
219469
219470
219471
219472
219473
219474
219475
219476
219477
219478
219675
219676
219677
219678
219679
219680
219681
219682
219683
219684
219685
219686
219687
219688
219689
219690
219691
219692
219693
219694
219695
219696
219697
219698
219699
219700
219701
219702
219703
219704
219705
219706
219707
219708
219709
219710
219711
219712
219713
219714
219715
219716
219717
219718
219719
219720
219721
219722
219723
219724
219725
219726
219727
219728
219729
219730
219731
219732
219733
219734
219735
219736
219737
219738
219739
219740
219741
219742
219743
219744
219745
219746
219747
219748
219749
219750
219751
219752
219753
219754
219755
219756
219757
219758
219759
219760
219761
219762
219763
219764
219765
219766
219767
219768
219769
219770
219771
219772
219773
219774
219775
219776
219777
219778
219779
219780
219781
219782
219783
219784
219785
219786
219787
219788
219789
219790
219791
219792
219793
219794
219795
219796
219797
219798
219799
219800
219801
219802
219803
219804
219805
219806
219807
219808
219809
219810
219811
219812
219813
219814
219815
219816
219817
219818
219819
219820
219821
219822
219823
219824
219825
219826
219827
219828
219829
219830
219831
219832
219833
219834
219835
219836
219837
219838
219839
219840
219841
219842
219843
219844
219845
219846
219847
219848
219849
219850
219851
219852
219853
219854
219855
219856
219857
219858
219859
219860
219861
219862
219863
219864
219865
219866
219867
219868
219869
219870
219871
219872
219873
219874
219875
219876
219877
219878
219879
219880
219881
219882
219883
219884
219885
219886
219887
219888
219889
219890
219891
219892
219893
219894
219895
219896
219897
219898
219899
219900
219901
219902
219903
219904
219905
219906
219907
219908
219909
219910
219911
219912
219913
219914
219915
219916
219917
219918
219919
219920
219921
219922
219923
219924
219925
219926
219927
219928
219929
219930
219931
219932
219933
219934
219935
219936
219937
219938
219939
219940
219941
219942
219943
219944
219945
219946
219947
219948
219949
219950
219951
219952
219953
219954
219955
219956
219957
219958
219959
219960
219961
219962
219963
219964
219965
219966
219967
219968
219969
219970
219971
219972
219973
219974
219975
219976
219977
219978
219979
219980
219981
219982
219983
219984
219985
219986
219987
219988
219989
219990
219991
219992
219993
219994
219995
219996
219997
219998
219999
220000
220001
220002
220003
220004
220005
220006
220007
220008
220009
220010
220011
220012
220013
220014
220015
220016
220017
220018
220019
220020
220021
220022
220023
220024
220025
220026
220027
220028
220029
220030
220031
220032
220033
220034
220035
220036
220037
220038
220039
220040
220041
220042
220043
220044
220045
220046
220047
220048
220049
220050
220051
220052
220053
220054
220055
220056
220057
220058
220059
220060
220061
220062
220063
220064
220065
220066
220067
220068
220069
220070
220071
220072
220073
220074
220075
220076
220077
220078
220079
220080
220081
220082
220083
220084
220085
220086
220087
220088
220089
220090
220091
220092
220093
220094
220095
220096
220097
220098
220099
220100
220101
220102
220103
220104
220105
220106
220107
220108
220109
220110
220111
220112
220113
220114
220115
)


// ************************************************************************* //
