/*--------------------------------*- C++ -*----------------------------------*\
  =========                 |
  \\      /  F ield         | OpenFOAM: The Open Source CFD Toolbox
   \\    /   O peration     | Website:  https://openfoam.org
    \\  /    A nd           | Version:  dev
     \\/     M anipulation  |
\*---------------------------------------------------------------------------*/
FoamFile
{
    format      ascii;
    class       faceSet;
    location    "constant/polyMesh/sets";
    object      wrongFaces;
}
// * * * * * * * * * * * * * * * * * * * * * * * * * * * * * * * * * * * * * //


200
(
41094 
639159 
639221 
156042 
197019 
197091 
156175 
147992 
147993 
639528 
156312 
180912 
180913 
164569 
156447 
156449 
238379 
156582 
156584 
50258 
238719 
156860 
173379 
157269 
26326 
75566 
75615 
75618 
190514 
174202 
641306 
100855 
100856 
27200 
174664 
617037 
76371 
76399 
76429 
166548 
166565 
76459 
76489 
182987 
76520 
76550 
76575 
76579 
256828 
183101 
256832 
158768 
183527 
183530 
77066 
183656 
183810 
175655 
159393 
102161 
175892 
200502 
200516 
175988 
184194 
110551 
110553 
176121 
184548 
184550 
184560 
176447 
176495 
176527 
176541 
176566 
176603 
119264 
168465 
168466 
168469 
176714 
176773 
176776 
176789 
168624 
176821 
176824 
176837 
168652 
176869 
176872 
176885 
176917 
176920 
193313 
176933 
176962 
176966 
168824 
177050 
177076 
177080 
177155 
168981 
177178 
103586 
103588 
177339 
169184 
177422 
177425 
243036 
243037 
243038 
243039 
243058 
243059 
243060 
243061 
30286 
30422 
243427 
243428 
243429 
243430 
243448 
243449 
243450 
243451 
194336 
38978 
243898 
243901 
243902 
637180 
243969 
243970 
162052 
243973 
243976 
243978 
30988 
243980 
637244 
637245 
178585 
178587 
178602 
178605 
178742 
178744 
178767 
637520 
178770 
219743 
178798 
178800 
178813 
178816 
637578 
637581 
637584 
637585 
187118 
178944 
178946 
178967 
178970 
187201 
162681 
637859 
637860 
637918 
637921 
637924 
637925 
162861 
638154 
638155 
89312 
638201 
638204 
638206 
638207 
179570 
179581 
171429 
638479 
171535 
638480 
187959 
187960 
97852 
638541 
163407 
638544 
638545 
163414 
171762 
)

// ************************************************************************* //
